5273	2393	4677
194	169	2269
5014	1733	52
632	450	4243
4969	1973	456
4291	1425	58
2986	2601	4302
2057	1413	4580
2630	2173	3878
4149	827	2163
3008	1401	3025
5131	1123	3355
735	2495	2688
5170	1267	3413
2970	161	3110
4435	577	5203
4200	1190	4620
3008	655	233
4887	769	3912
1494	1490	3363
3340	1776	4994
1494	1235	4006
319	1807	4621
3417	1715	372
4642	1553	2072
2531	1188	67
855	270	4944
3417	881	1629
5241	390	3084
2072	833	2071
3784	170	3580
4852	1615	2352
1925	769	4739
3894	2454	1273
547	2322	836
4520	264	888
4182	1893	3106
2876	270	3813
4435	1943	943
1292	769	1902
4738	948	3432
4952	936	3643
924	1683	966
2241	29	3782
5066	762	4179
3284	1935	509
3599	2093	2876
4704	710	3316
3164	1919	40
4128	769	975
4833	326	3468
4100	769	1014
4291	1224	4483
1476	769	356
966	1385	944
3426	2130	2876
547	816	4889
2911	2398	5227
129	205	1440
2986	539	2600
2089	769	286
5294	2322	5219
891	1754	2106
2854	1140	3095
2531	1940	3093
1476	24	1821
4969	347	1526
4410	59	557
891	2417	689
4291	1413	1050
982	1968	3291
1826	2375	672
1326	2369	3225
4528	219	1496
1880	2028	3719
4409	2078	1979
88	49	2278
5013	573	1421
4268	1437	938
5066	2378	763
3351	1471	4000
2017	493	991
2005	34	2531
1128	194	4030
4268	851	1572
2270	1589	674
4515	478	4642
4368	1733	3859
4818	2595	503
5066	1776	4007
3982	858	2039
2230	2631	4773
2471	1115	2338
355	1767	657
1023	455	4920
1379	1232	985
1494	2371	3737
3295	320	1652
4827	1831	2318
2876	2355	617
2986	499	4478
5066	2532	5095
4040	752	2629
1483	1282	4191
1877	1645	2801
5052	1197	3061
209	2577	4498
3381	341	835
4268	1687	2044
5166	1814	1541
2400	1776	5045
3098	44	1841
2507	731	2066
1230	1343	3879
4291	2221	442
4435	1001	3693
4435	1944	4150
4852	2312	2689
2719	1149	5175
2626	1881	3282
4435	1804	2903
573	1075	1221
596	769	3688
4393	276	3173
3208	1064	1769
846	1067	167
4291	1733	4841
2039	258	2295
4764	2382	3378
1775	1540	5170
4291	2293	768
1925	1645	1722
5129	290	287
2289	301	2114
2986	1220	4407
1031	161	3110
3208	725	3081
3595	2544	4988
2369	74	2148
599	886	1669
4882	41	2589
4101	644	2505
2986	2631	1595
4932	1292	204
51	1749	3651
296	1732	1334
4704	2514	1479
2876	1030	1265
954	2141	3451
2429	1776	3322
4300	2544	4221
2531	1526	2732
595	1041	4920
573	1637	1467
3208	361	1620
2954	464	3340
2986	1311	1566
1532	1730	638
1921	1816	1101
2954	1479	4770
4435	539	3526
4300	190	1062
3035	165	2210
2927	1350	5030
2986	103	5134
2816	769	1001
2621	2155	1199
1140	2282	2744
470	2322	1684
2087	1523	4203
4300	1733	1019
4210	369	3927
97	1703	3680
88	533	3592
1960	478	1665
4840	2637	3870
4882	41	2738
891	2302	4749
4747	2082	575
2719	769	4674
4220	2611	1418
2861	762	3649
3008	1003	1354
2499	1516	4650
3417	799	2749
2276	762	4832
5111	1071	3902
4852	1896	2536
2911	2153	5277
2897	1240	5192
2816	1975	4298
2429	306	5064
2112	1329	3134
2911	186	839
3476	2379	3183
129	1295	39
1351	1890	4650
4128	769	754
1140	1733	4280
3064	945	207
4435	1746	398
1012	933	4920
3417	1677	893
1476	2322	4255
1995	2447	4886
1610	2606	820
2122	769	965
3385	380	2062
3784	2322	2870
4879	469	1379
2200	484	3561
2876	769	3497
3208	660	766
2897	680	2562
3340	460	3079
4659	2612	1343
1974	1361	506
4827	769	1677
2986	1818	4413
3577	769	2900
4268	2372	3045
2039	2182	386
1141	799	5072
2719	2342	1317
948	1733	4167
1921	1403	3418
4291	1496	4901
1494	180	1879
3367	2141	1006
1932	1116	446
5066	762	5185
5294	129	1634
5169	2071	3287
1277	2453	3203
3781	2327	3056
4435	1354	3917
1605	540	4875
2621	1016	1856
2684	234	1670
4435	1448	2018
4291	243	1020
18	2385	2665
3001	320	5158
632	100	3157
347	2351	3008
1933	1548	2272
4014	1691	4060
2289	1214	4119
787	2349	2616
891	1726	2473
3022	1417	368
910	1240	1750
855	2164	501
4893	2533	3333
2096	1799	4079
4268	2039	1957
5170	1822	2142
1056	1306	1083
4025	1960	1596
2626	1256	5217
5222	307	2934
4249	2561	1601
1801	216	2626
5066	1228	441
3047	523	4265
3008	769	4625
545	769	131
4389	1837	3453
3155	888	3903
2336	2312	2986
3208	2409	2157
3022	1199	773
2364	1813	516
4333	1193	2911
3221	938	3495
2911	1733	1616
910	2005	3419
431	2013	1461
4291	2458	1352
2039	418	928
4435	1205	515
4863	1581	4507
3345	541	3561
18	2141	5080
4528	1139	3632
4268	2498	4963
4882	762	4898
1476	769	967
1187	2146	80
1141	2130	3947
795	2391	2940
960	270	861
2621	1339	5002
3627	255	5020
415	1257	1599
550	2187	4210
3919	1962	1890
2394	669	3803
4852	2312	4309
1491	2162	1942
3698	1945	3334
18	2164	371
2986	611	3951
4291	2118	3536
552	71	3422
4560	2232	2039
3784	116	1771
4947	1663	632
4627	2591	1089
5169	1003	478
4957	1978	1071
2876	2322	4837
3566	730	3389
2911	328	3196
4927	1168	3122
3305	802	5294
1921	276	2951
3098	521	3160
597	1082	429
2369	2014	4953
4060	318	1481
5066	2312	2811
5118	1227	1304
3337	402	1332
4982	1285	4402
1187	1381	144
2553	2238	4141
4600	2167	880
1078	2249	3051
4591	2432	995
846	446	237
984	1086	1310
8	769	1973
3932	769	1103
4927	390	1044
4101	124	2290
4664	2627	2828
4149	2306	663
4849	769	1846
2789	1682	2434
891	1620	2683
1463	2356	930
3417	787	3346
4435	1135	318
4268	1072	312
4567	224	3910
2911	2167	2923
4957	730	3875
3179	46	378
5273	586	3785
5266	988	499
1921	270	1580
3566	1931	5144
4435	1529	4846
5169	1562	375
4969	1012	3138
4773	1053	4153
4403	2064	2675
4882	769	1220
1819	2162	4852
1359	168	4244
1557	1229	2791
4331	2314	48
4060	1881	3857
1182	1198	4015
3627	431	434
2986	1354	150
3074	2048	4056
896	185	390
2911	2011	2839
299	647	1093
1476	1679	2326
1141	720	961
2986	2534	1708
2854	2482	2529
4435	2315	911
2279	472	1009
4101	157	2714
1477	2458	5265
4947	1959	632
4435	1054	5283
88	178	4868
4164	1733	2848
2552	572	1007
4300	1325	2232
5220	769	2209
88	776	3471
5163	624	446
4827	244	4519
2569	864	1979
2911	2493	1666
4030	2271	580
846	1020	3274
3784	2322	1551
1134	1124	778
906	901	1260
4514	2057	4341
3627	453	1344
5118	2402	4572
5081	806	1659
2482	718	1631
4852	2312	5186
3221	118	4517
3445	161	3110
5038	1881	2165
1476	584	3586
4210	369	3199
4291	220	1602
4291	917	4782
720	2248	4920
825	288	1790
4116	1847	4616
4435	2240	3925
2482	2103	4534
4435	2528	3325
667	1150	3416
1979	2377	5135
799	419	2297
3037	863	26
3995	1829	3334
4591	769	1288
4927	991	4083
4435	2278	937
4236	2596	2876
2364	349	4379
4291	2190	3539
3200	161	3110
1431	294	3166
2829	1468	1795
4852	1783	5279
2037	1290	2310
2125	2354	3662
391	1404	3238
2876	1304	3396
4746	50	4838
5131	424	3931
4128	1684	1851
3403	1566	3685
3417	1075	3972
846	1484	229
1914	1800	4300
891	1733	3115
2954	1733	2090
1909	799	4465
524	325	1210
4291	1675	2937
2986	769	2765
2731	2336	1538
1743	1357	3087
4060	730	3264
4882	2327	3772
1141	769	3421
891	606	2912
2053	769	3810
687	161	3110
361	1522	5071
1100	161	3110
4024	1376	2708
2369	953	3343
2949	1108	1730
4227	799	1016
2588	91	4863
891	2057	4228
2175	193	4638
3630	719	1355
2320	1132	3074
2806	1676	1347
2848	912	2745
324	1386	3337
2911	1005	4640
3784	2322	1400
846	1278	680
3176	1857	4242
2017	769	4492
4291	856	5035
2986	2117	2134
2369	769	1676
3072	691	2131
891	918	3420
3074	769	3805
3819	500	4368
2645	769	5079
2956	1672	3570
4435	1529	863
1140	62	3711
1840	2167	4217
2534	1139	2721
1748	799	2866
3008	1250	2179
2264	208	2100
4291	142	1366
1187	769	640
4663	1920	3221
573	2514	1025
4741	1063	2127
4870	1307	1585
3964	1879	4143
4096	1007	446
3114	1274	4780
1379	2335	3837
1355	573	1436
2876	2322	3694
4033	1136	1390
4852	244	4911
3639	1010	3334
632	1663	978
2621	1194	4384
1610	1776	492
2927	237	3924
4210	780	2337
4128	1733	4618
3074	617	1663
4856	1009	3192
2065	1815	2638
2429	227	761
4897	1988	2503
5066	229	4698
4741	1088	2716
2986	2312	2052
241	126	4986
2626	2565	4861
4144	3	361
4060	135	5050
2876	657	5007
4535	1874	1858
3710	651	5294
661	1733	4012
3417	969	730
1921	368	4830
4435	1959	4049
3195	893	532
4291	1528	534
3177	2352	5294
3174	573	1765
1238	522	739
5294	1434	224
575	1520	3425
2962	166	470
341	924	3627
1701	1861	2458
359	683	5040
3057	769	3537
3094	2226	5294
2626	260	4369
4050	1776	2253
1379	108	4708
3208	54	786
2876	769	1396
4852	2312	327
599	2184	123
1313	2555	1758
2986	1139	1827
1232	2387	4973
3692	1884	2986
4028	769	1854
982	1662	4366
3919	1060	3784
4435	1740	2532
1477	1713	624
5012	478	4731
4291	2312	2073
1770	94	1060
4704	1004	393
960	268	1279
4827	1354	1492
2927	2036	1486
4300	429	3443
599	96	1587
3221	223	1673
2152	870	2986
2621	1003	3727
2927	2009	2583
5066	2090	4159
2289	1858	2410
794	1712	487
4291	298	3583
2876	769	2617
1186	672	2373
3417	875	3260
1882	1927	63
3902	1213	239
1476	2061	4118
63	799	1220
1370	666	4867
129	1003	2094
917	2539	4852
4969	505	2043
1539	745	5231
5066	1733	3485
3221	1776	2161
4300	191	3729
3132	2600	1830
4870	2572	2325
3702	1756	2265
4752	948	912
4805	1802	4776
661	1487	5004
4435	2258	2510
5066	1023	1988
2621	1354	949
4845	2310	5006
4852	513	110
4435	1075	37
2777	1575	2422
4291	2175	4536
299	1096	2299
1826	1493	3330
4524	1407	2805
1186	145	4447
3086	913	4406
1773	1985	799
1603	676	5212
3221	2165	837
3559	1885	1707
3590	265	1979
4435	765	3671
855	1561	1962
5066	8	460
3479	769	4078
2429	902	5142
4060	214	5184
2986	373	1742
4291	896	358
1091	1869	632
1142	1776	1828
2645	769	1200
2175	1613	4716
1610	941	2141
1979	661	4114
661	769	5073
3059	780	3646
275	2057	3936
2621	153	2841
4927	803	3913
203	762	1282
3208	1139	4367
3008	1061	1097
4201	2195	2381
4128	1159	4587
1958	2019	1136
5195	739	4163
3915	388	1227
2306	591	886
5161	2006	2876
2369	1793	103
948	1982	3005
1476	769	180
416	197	2876
3954	2610	1229
1494	1037	2761
2986	1311	5063
2289	730	5285
4300	1222	4632
1338	607	2498
2911	1019	4170
1230	643	3683
3954	769	668
2243	2342	1110
1610	762	3850
891	2	16
3784	1311	412
3650	1338	361
2911	356	3751
4435	630	1572
1674	1645	5066
4852	1881	2150
4852	1320	2220
4291	19	1272
4024	2521	947
299	2523	1132
3624	1162	3546
418	1733	2601
3208	1962	2408
4852	2164	3515
63	463	3168
4532	2276	4659
200	1354	363
3636	2212	4730
4163	1677	799
855	2110	2739
4852	769	199
5170	799	681
1326	2070	1812
2876	77	530
129	814	800
891	1882	3625
4435	1354	455
4528	1787	1502
2469	1761	3279
1120	348	3365
3008	1733	1315
3706	593	2986
1826	1752	2640
4969	1471	3812
3185	161	3110
3370	785	4107
4291	882	466
4343	1335	2876
1277	321	1439
4391	435	2703
5129	619	4305
2240	320	2576
1187	2514	834
4957	637	1936
5169	1733	2931
5294	769	2168
4773	1733	4505
63	1127	4673
4920	2454	3297
4886	1319	653
2531	402	1111
2551	1255	1700
4456	94	4760
2911	207	586
1610	1247	4199
3627	1311	2222
3577	998	2577
4291	1476	2188
4291	2350	2214
3108	1588	3141
910	488	4139
3372	1226	4435
676	2516	2879
4927	2243	2433
4927	2273	900
5101	233	1998
2621	1471	1896
5294	769	2649
3954	2319	2598
5296	1517	5114
2369	1959	579
3998	878	799
881	2519	4723
4435	2547	3907
2997	1653	5170
2621	1959	331
1217	2143	5056
2626	432	1704
3993	1632	3662
735	696	2766
1610	1899	865
1921	1185	4036
2887	161	3110
4642	1178	485
299	1023	395
4691	2254	4863
4299	2513	4882
166	1733	1531
1610	1490	3344
4642	1912	3232
2065	400	657
3340	769	1374
1379	1057	1749
183	2273	3033
3915	1565	254
3098	76	432
4127	2603	4857
1509	2601	2008
1979	280	4576
4435	122	362
4403	1421	3986
3581	1300	2504
3370	2237	2024
661	1541	3640
1477	262	3336
183	1261	2921
125	2574	4402
4050	769	3572
2362	636	4291
2986	1733	1968
4435	1847	775
4291	1372	2682
850	115	5014
1074	1685	1029
3208	2457	3193
1140	1897	2406
304	2364	1732
2949	1077	851
129	2331	3250
2727	769	387
3089	1874	4316
4775	2000	1048
5066	2164	292
2978	2572	5145
855	762	2078
3791	142	1842
5276	389	5069
141	1068	5294
805	1405	5093
299	2034	2013
3417	387	4010
2289	1322	4972
891	459	3194
4268	762	5244
2986	1701	5257
3370	690	2414
2876	1537	1782
2026	1036	4431
5276	1751	326
2626	315	2093
787	438	1637
3108	848	1107
209	2485	3256
3074	2635	1737
2440	1046	4127
4300	1594	2033
1979	2202	1345
1464	2340	3825
4291	1475	5288
2621	1052	4962
1476	2342	3483
1141	349	4484
1658	809	2876
4827	425	4064
2854	1062	2697
3221	1773	2401
2429	769	4351
1426	813	3486
3055	654	5273
4736	1062	3807
3627	373	176
3399	2213	1977
4834	961	3816
1140	2621	1458
299	2162	4124
1933	1548	665
1979	1832	4910
2986	499	3807
2621	1715	4441
4741	1152	4661
2626	769	346
1385	741	4882
2531	12	4541
5255	1422	1808
1921	1669	3040
3108	642	2124
5294	2322	5062
5005	2548	4210
4852	769	17
1241	409	5294
2876	769	5119
828	1764	1947
5231	1542	2189
3084	537	2416
4759	1144	2652
1494	2361	1291
4435	392	2933
3417	1706	4851
4446	1835	1186
3008	1003	2585
2039	306	5122
4024	2600	1954
910	1733	662
2956	978	3954
3399	769	907
4969	2428	3519
4852	769	2995
1979	94	3154
3417	1784	5061
661	1888	4619
4030	1766	1535
4435	1090	1543
4435	1503	4386
129	1748	1910
137	1694	2626
4849	769	962
3084	1317	714
18	705	3668
2225	1042	5170
1578	1971	2824
2876	769	664
2039	278	4538
661	355	2427
524	794	4070
4291	1471	758
3366	468	35
4893	2533	4472
3417	1374	765
4997	531	1141
2346	161	3110
524	744	4467
2911	253	1874
2911	406	5271
4060	1462	1445
4741	1663	3517
1759	133	935
2531	2328	1897
2424	2569	4860
4827	1918	5023
2369	2378	4729
560	1638	1158
379	1201	4380
5118	432	2594
4863	1398	3267
4044	1	5169
4342	1502	5222
299	2167	3843
3627	1295	4847
2621	1659	3465
3944	2283	2902
3340	2312	4303
855	1881	1536
4637	1778	2911
1895	1237	2193
1667	1776	3808
3370	2200	214
3417	2367	4090
2289	475	2198
4746	2414	3795
891	1442	4058
4852	799	3002
3008	2514	852
3417	2122	1949
2830	391	4513
1488	180	2954
3074	769	3448
4291	1601	1519
4435	1258	3080
203	276	4964
2507	731	1911
5266	303	2480
4435	2575	528
2067	602	2514
3221	2322	4155
2289	245	3066
2471	1340	1081
2986	478	601
304	1130	2980
3432	518	251
3208	51	996
4969	1043	2922
3139	2022	3573
1187	162	2181
1610	1623	1248
1219	461	4373
1007	320	5138
4927	148	2981
3417	1081	4934
4143	1877	4727
2107	886	677
4249	1733	3987
4927	544	2906
4435	175	540
599	384	963
4834	1881	5250
470	438	1235
3878	799	5133
1610	1623	2877
4882	769	4337
470	799	2170
1494	539	1794
3221	689	1225
299	600	3637
4210	369	742
4435	626	1796
1476	769	2250
1558	1186	4018
1277	1075	10
2345	1902	622
2429	1535	4318
1310	2167	4872
1520	123	3417
960	2312	2201
1194	1793	4435
4969	473	1814
2345	404	2932
915	2360	3412
4300	1003	4703
1979	1240	1612
5066	229	2692
1764	376	887
5016	1725	2607
5195	1750	3844
3259	2418	1630
1921	499	751
4268	592	2733
3915	1404	1752
4890	126	4270
63	997	3597
4160	855	4717
1379	1275	5270
1379	1781	321
2876	769	2463
1979	709	5083
1868	1373	1698
4940	1379	1672
4060	2233	1744
5294	1469	338
4291	1139	1568
695	2073	661
4195	1444	4920
2848	1605	348
4291	2539	2705
4818	2595	2847
1909	769	1525
3208	1669	3395
4291	1463	3582
3417	865	1294
2986	573	2660
4886	2539	340
1817	161	3110
2986	1003	3687
1979	2421	4798
1909	1776	1546
4927	1889	3885
1477	1657	2182
3798	129	3945
4291	2070	4742
129	165	1939
1866	903	573
2986	1733	1474
4627	2377	1820
4128	1824	3564
2986	723	508
620	552	1413
2507	1543	4136
4927	355	4906
3612	2601	3029
2986	232	209
1921	799	774
4128	769	609
2626	2342	3887
5231	1494	2715
3527	2339	1979
2531	1993	4564
4241	161	3110
4149	2294	1087
2240	769	2575
129	2410	3113
4892	1082	4203
573	45	407
5252	2444	2611
2954	1659	5239
1230	769	2216
3340	126	3283
2876	2153	1783
2072	1334	522
4927	1959	3766
1476	233	3288
4435	1099	5232
4971	2141	5025
2429	306	3243
3215	782	4695
690	846	3920
1605	545	4615
3566	512	4317
4435	1114	3634
5014	2312	807
299	1959	5090
5153	4	361
599	2128	3547
5183	1608	4704
2307	35	1779
2779	532	2042
1476	2639	388
4435	1695	2694
4435	1128	3834
5038	165	4458
3783	2107	5294
4642	948	736
4417	1561	5289
4882	165	383
541	1549	2986
4966	2199	3240
1969	909	4501
2608	1454	3494
2876	2517	4104
4882	2327	2519
4435	1733	2284
3221	769	3764
599	188	1512
3417	1460	2564
4435	178	1504
3245	1512	5298
1466	2020	4957
4746	648	3928
4291	453	1180
4887	1864	5128
1880	203	2974
4291	1760	1106
162	132	2626
5197	1023	5202
70	927	2607
3417	2268	950
3784	769	3169
2876	1193	3464
458	161	3110
4827	1452	1887
2039	2072	4506
3417	1044	559
81	573	1086
1416	1466	5291
1187	1075	3156
4449	297	2848
1610	2137	3628
3909	2035	4378
4969	1075	2263
336	248	891
1563	769	1483
891	1166	733
3208	1669	1656
575	437	5215
4893	1272	1246
3037	1386	4905
1868	2016	313
1578	2160	3384
2039	126	3838
3417	2525	3929
2270	769	2610
63	799	2366
3008	1026	570
2954	1547	939
3993	1299	3829
2067	1819	4518
304	1408	2085
2621	2099	457
3370	1661	4950
4949	2076	4842
4435	1354	2446
3417	1476	265
1877	2464	908
948	730	3041
2876	2629	113
3340	1776	3117
1187	2599	3775
2507	489	1646
4032	398	4210
3827	2004	5294
4435	1147	3410
1884	1733	3658
1182	171	3624
2719	769	4754
1141	335	808
1379	2209	4708
891	403	2780
4291	474	1832
3059	559	4278
2394	1003	3532
2876	1541	1852
4919	2057	4820
2429	769	2750
1494	1659	4254
4543	651	3902
2986	1003	3438
3208	1540	1689
3636	2322	4792
1141	2032	3371
2289	143	625
4863	973	5286
5216	2279	4690
3570	2631	1010
4887	93	1757
3540	1826	1970
5058	538	2607
2303	2621	2527
3008	2282	2431
484	1375	1610
2020	192	4435
66	2111	4741
3883	250	4030
4169	2561	661
4047	1241	3627
1494	2494	1090
2911	15	2016
735	423	1766
3340	1929	1216
4594	2541	1836
3008	769	2508
2298	1426	891
3104	748	3822
183	2398	4802
2039	1733	1792
4027	1207	2892
63	1849	884
2897	246	4552
4435	1414	2267
575	211	2358
464	1757	557
2626	1776	721
2986	962	217
4927	146	4598
4693	688	4949
1230	1420	3589
291	634	4777
2876	1881	2521
2621	1733	2971
1388	267	4827
2553	2025	899
4060	2322	448
2175	84	4678
3048	1196	739
2591	769	3348
129	485	1910
4863	184	423
4435	1959	2399
4969	1409	160
2531	2583	3159
3223	1499	5154
5266	672	1257
5109	2333	4988
787	815	2244
4969	1017	1038
2429	799	3830
4101	861	3896
2479	1955	821
1921	1246	4066
2954	1165	3872
3417	2494	3149
1921	2139	2231
2626	2259	1494
2626	1776	1361
3627	2010	1045
2854	573	916
2104	2532	5014
1234	1597	2949
3744	2555	1138
2816	1670	2311
4435	1075	3490
1610	276	970
1064	1346	3008
3945	1733	725
3084	1806	4562
4951	1106	3615
5294	2480	2140
5266	1881	4462
5294	2322	2524
2369	1107	4292
1901	2324	3318
787	266	1042
2986	2613	3431
2429	762	4706
1373	1396	3337
3108	799	3817
4921	2545	3110
4128	1921	2984
846	573	3631
1379	247	2215
3784	1320	2220
2175	1479	4770
2770	2148	4920
3417	1457	2653
3084	1382	1117
4389	1386	2776
1477	539	1108
44	799	4920
4149	769	4250
299	1354	1360
5231	1963	584
2531	289	2832
18	2342	2118
1909	1521	683
3221	2532	4816
3427	2162	3915
2289	781	658
3567	99	5070
3715	2275	4435
3782	1948	507
1141	2614	589
4182	283	4527
4957	1354	3906
2986	1311	814
891	131	2989
2876	769	1243
3417	1471	2671
3008	1918	258
4957	2477	4059
2954	511	618
4291	1842	3163
948	2437	983
2289	1665	1336
4435	539	2612
3340	165	2827
3393	2176	2224
4927	2234	849
4882	41	3368
2927	2009	1372
1909	355	198
5066	2244	1583
1494	293	2389
4489	822	182
4870	2322	2943
4957	654	5301
4291	1303	1121
891	1607	4791
4128	1811	332
1921	1984	3083
892	2484	1239
232	1881	669
3370	1968	384
2891	1041	557
4300	1552	1480
3084	2322	1780
3784	1918	3941
418	2179	2064
1901	1720	496
299	2536	2935
361	1279	4026
3393	1852	3814
4927	595	4162
846	864	3096
825	623	4559
3008	666	1571
2854	581	5074
3651	769	2765
1476	1736	3619
1477	40	5001
3221	1768	4943
787	616	1123
2039	1881	3335
2876	2532	394
891	1127	611
966	1881	2180
3221	142	3300
5264	209	4149
4741	2258	2991
3932	1087	4896
4435	853	2081
2911	915	4651
4291	1027	4546
4827	2322	4968
2345	2348	2748
1186	1317	2979
1476	769	5120
3037	1386	2776
5169	2341	227
2954	1527	42
3771	2472	2876
4291	1075	3576
3208	724	5238
73	2286	102
4291	2320	1655
891	126	132
2876	769	3408
4435	1260	2221
2911	1327	5176
2607	2083	3667
2869	2326	3209
2490	1699	2291
1141	1133	867
2655	1021	4969
2364	2410	4300
5066	1538	1159
4920	1849	4192
2899	161	3110
5066	357	3635
5038	631	1661
2986	1710	1839
1770	383	4714
1424	1570	3627
3037	1793	3369
4051	699	4586
3078	58	3334
1494	2361	3737
2507	731	1284
4969	2029	3356
2429	320	2778
2719	202	2557
4435	2558	504
948	2282	2070
4969	1102	4796
2927	130	968
2954	793	1640
4210	369	1113
304	1415	556
1477	1266	4219
4718	416	4279
3829	799	1718
3208	1724	1497
2507	1324	2714
1379	2312	4970
2719	2532	4754
5294	2391	1435
2394	112	84
4954	1822	4836
2531	1265	5230
5253	2187	4210
4247	1020	429
3417	2490	620
1921	799	4655
1494	1881	2860
2911	1095	2815
4417	769	3776
5294	95	116
88	1435	4223
3758	161	3110
5066	599	3534
2138	1076	446
4060	1543	4140
891	849	4098
787	2039	3876
5172	2387	4973
4101	337	3217
1575	161	3110
5066	1776	1848
3059	646	5145
1355	1064	4288
4731	769	2678
3417	2167	3969
4060	160	4293
2719	155	4715
3221	1316	2544
1909	2312	3454
4081	1331	3068
18	769	1986
4128	418	3102
1355	2532	3613
4435	217	2423
2531	1577	1308
3784	1970	4074
2621	2395	684
1473	750	4025
2911	1598	4002
2237	2520	1909
2289	666	2039
4331	1917	2135
2341	950	1198
373	762	1639
4291	1126	1716
299	1785	2186
4060	94	819
1494	2361	1183
4050	1122	4274
59	478	4610
1494	2361	621
2507	2568	2875
2949	633	2496
3100	90	5245
4182	210	2712
3703	1540	290
3221	2344	3594
1895	106	1562
1610	2192	3131
1326	799	1686
2345	1402	1389
276	1650	4881
2969	161	3110
3086	1430	4548
1610	1881	175
87	292	792
2394	94	4475
4827	320	511
3944	1321	648
4524	167	3492
1141	872	2924
299	1291	5240
5292	1733	702
4149	1987	4595
3324	1748	2037
787	2514	1156
979	2609	4870
4642	1003	2461
3232	1406	4332
4435	2261	2126
2954	480	5148
948	799	4404
2854	2336	2782
1230	2051	4974
3022	433	1582
4143	1702	4355
5294	860	1459
4827	2322	1617
2848	1276	3010
1610	65	133
1610	2511	2580
4435	1959	1713
3945	769	2880
2364	1323	2526
3099	478	5014
2986	1733	4190
320	1330	3334
1610	1461	3110
4163	920	799
4885	844	2775
4127	56	399
129	385	2967
891	867	1350
4957	1733	3152
4435	1677	1026
4596	1645	14
4524	1097	1233
891	449	4772
4300	311	351
855	2322	4165
343	36	27
5165	878	1410
2364	1080	4965
3340	168	295
2621	2273	4438
1576	2120	2795
4120	1399	2082
3340	1776	3598
552	905	3460
1610	360	645
4291	1471	4634
3008	2532	1409
2911	1966	1515
3895	817	4741
4696	324	4435
2621	320	5055
1622	161	3110
4451	515	1138
2927	769	1357
299	231	3904
2986	2331	692
3432	1003	4077
5165	1778	4801
4764	1124	4652
1140	2411	2029
3587	320	4783
4957	1651	4763
4025	1772	1510
2876	407	1493
4852	357	68
4403	2021	703
3784	165	4936
4291	492	1135
1483	769	4508
2621	1582	1202
2621	2488	1733
4704	198	4574
18	151	481
2848	2514	4390
2876	769	222
2736	526	1230
4746	229	3219
5066	2377	4719
5066	1733	646
3558	270	1921
1857	1543	4229
490	499	3625
2175	320	1875
2763	161	3110
3221	1992	4433
2719	1733	5218
1894	1378	3183
2621	1969	2257
1552	1556	3114
2614	2342	1433
4060	2485	743
3627	2159	4353
4852	2255	1506
3022	2185	741
1605	1749	715
2429	286	2573
4025	558	1405
4852	2322	5171
4060	2059	2915
2882	414	2380
4622	906	2986
3108	617	2357
2621	1189	1740
5169	576	4003
1477	226	3147
5173	1828	4743
3208	1543	446
1921	1201	4948
4556	2495	4949
3784	1028	3230
4182	1354	1822
4080	861	3008
3957	1788	1981
4128	762	4675
3340	762	2367
1261	2312	2928
1610	1475	3571
1447	1791	3293
2986	1623	4237
1379	2398	4408
718	1532	2303
1979	1354	145
2876	1776	2478
3627	2631	1994
2485	2535	531
1089	2129	2852
2550	350	2876
4291	14	2410
799	140	1720
2667	75	1547
1494	1733	804
4528	1659	2360
3401	956	2876
1074	1307	3657
1909	1394	4991
1476	2160	3397
2986	94	2833
4291	2236	1682
4435	799	4372
1264	1003	3054
2986	241	3621
3417	430	3030
4746	204	2947
2911	31	3888
129	1343	2435
1731	1733	204
615	2057	262
2270	799	3588
63	228	894
4789	1379	3008
2471	2404	1348
1140	1733	4095
4291	788	697
3581	2422	2982
3627	1004	4392
5147	769	462
1141	2155	3513
3616	2145	2986
1913	2039	425
4435	1354	4076
299	999	2939
1770	726	858
4741	2601	3447
2927	1408	3069
1324	363	573
3784	1317	4137
1477	1353	4784
2706	319	5237
4704	2132	753
1555	529	2876
415	1211	1163
891	442	2714
1880	728	3524
1371	948	3208
4827	1368	1592
2954	2540	1236
3084	1661	2542
809	1894	1909
596	1332	3811
3609	30	4101
4389	890	2996
1477	1733	1719
3587	1962	3380
2986	322	517
401	1178	5066
1483	779	4362
3074	1737	2881
3782	1959	447
3784	769	1051
1925	769	543
4300	1948	546
3577	381	4005
3577	1730	315
912	1238	3605
960	2312	2160
3208	1065	306
1007	2399	268
3510	899	1074
4291	2273	4246
3417	317	1426
2116	2199	4025
1610	1733	1137
129	729	1910
5266	1880	4415
2586	476	361
5013	2593	493
3577	189	513
4642	1652	2196
3132	908	2246
158	102	4827
2289	2634	793
4365	2074	1826
2626	2191	1150
2364	2012	3071
5117	1677	4864
2876	1776	2966
3587	1612	3376
4969	787	512
649	287	799
2790	1962	3347
891	1228	3908
850	990	1437
3008	1524	791
4403	342	1653
4704	206	4371
1901	762	3724
18	769	864
2621	1201	1408
2369	672	3214
187	1937	3221
1301	1733	3612
2986	762	2052
3074	1776	4822
4102	2460	4852
3340	1793	349
2039	1264	2812
4938	1523	1074
1880	2088	1760
1921	702	4485
667	2026	41
4368	180	3568
3022	179	2368
3799	769	4479
4060	769	4854
3446	886	2876
2674	769	2767
859	2216	4628
4291	352	3533
2851	2520	3784
661	1541	3677
3587	20	4605
435	346	5054
3561	1571	5149
3086	1733	488
573	483	3299
47	1959	827
4642	327	2072
4897	797	4686
3084	1443	5089
429	2430	4117
2571	627	4060
2916	161	3110
5014	799	105
3059	1175	5145
4621	512	4317
1758	608	2540
1398	747	1610
1141	2601	1364
4314	1498	3360
3627	573	3529
3216	2571	5053
2986	791	364
5231	589	2304
2623	1166	2854
5066	953	4396
4665	757	1826
3713	38	3231
5159	2441	4460
4060	2322	4975
4882	1736	1092
1863	1200	2719
4435	2601	2275
4291	800	177
2626	2329	2211
2531	2215	2384
4060	1776	2242
3985	2063	3409
2531	1355	225
4969	2343	4452
4834	2138	1915
787	1408	1034
5131	426	4402
1469	1024	3809
661	126	3475
4514	1563	4865
2449	2298	2475
3044	27	4753
4262	1359	4417
4393	1356	3073
5273	2140	4899
4764	1961	307
5131	2232	263
2545	1550	3334
2626	1659	1290
1909	1898	2908
1610	1669	411
2980	1139	3328
4969	1778	2677
361	1881	4728
4827	2164	1741
2369	604	4455
4960	1793	5066
2911	946	5228
88	373	1122
5222	1846	782
2876	799	2006
891	2484	2802
4108	1003	1192
2911	1424	3746
1921	1232	1861
3340	2629	1363
2107	763	4924
3417	886	2096
2133	1119	2954
4636	840	548
3617	1055	5272
632	1663	3085
299	318	3181
5169	2546	4522
3784	126	4307
2954	1099	1966
3022	717	2292
304	2034	2208
4291	153	2390
2229	921	4887
1605	180	2494
4495	1958	60
4969	1139	3142
891	242	1521
3008	1776	1972
2072	2641	3804
3221	1209	1407
3084	1003	4891
1610	1623	223
2047	284	650
3022	769	1358
2172	769	2663
3340	384	3019
88	94	3362
2147	161	3110
1007	2621	699
2626	2128	3170
4291	2188	3455
4443	667	274
3784	2223	4352
4291	613	613
5287	926	2254
4927	2557	4427
846	1151	4668
3370	2428	106
299	1900	4453
1476	276	771
4969	1043	3478
632	2522	2037
5006	2495	2757
5066	1881	1920
661	599	377
3975	992	2107
948	818	5293
5097	1509	4397
573	2166	127
3948	136	1610
2826	2437	2876
3340	365	4989
948	2378	578
3008	1822	1276
4446	711	957
1577	2582	2039
3037	1386	5248
2986	270	1274
1672	2449	529
2780	1733	1281
5281	161	3110
1578	2267	2011
4437	475	1477
891	2532	486
101	2555	3275
2621	2151	1191
825	2119	4204
4060	806	374
322	2210	2483
573	2638	4091
3221	1776	4555
1870	929	5066
415	799	4815
183	1733	5234
4746	769	473
3340	1541	3082
1754	1179	3064
2369	270	1675
4679	954	2804
3840	1697	1921
896	181	3845
4435	2509	2372
3417	1049	4597
657	2175	2796
2897	2316	2560
3008	769	1320
561	1859	1477
1921	1223	3016
3945	235	4858
4291	1354	3735
552	1983	1579
1668	1172	2821
4130	1139	2986
2954	477	971
3221	439	4844
4291	805	3228
2876	799	3707
1390	2220	2154
3340	1533	242
3403	357	2690
5078	2227	1355
2956	1082	3577
1685	1567	554
2039	543	3130
3826	869	4650
2364	2106	4697
1359	2002	2517
661	1849	5201
4405	1413	3458
1610	2312	389
2507	1206	2066
274	271	2704
2277	1112	3829
2175	2368	4895
4827	769	780
1826	1087	2319
4203	1573	4147
1619	1659	4813
3221	1776	4420
4852	695	2447
2553	156	2098
2164	2122	3915
2986	1003	3269
1186	2466	1063
3008	2307	420
2289	2407	4581
4957	1003	3226
3008	673	4414
1921	377	3020
4631	1989	1262
4834	1742	3793
4183	2632	4897
3248	769	4818
4300	329	3848
1770	752	4435
2205	1325	3867
3784	2322	5188
4291	62	802
3479	1342	2842
846	482	2468
4101	904	4282
4957	1045	1600
96	387	4758
2840	2566	4129
1695	161	3110
4060	1881	4491
4060	1543	5
4004	279	2531
3205	1822	5039
2621	1491	117
4957	1959	2668
5066	769	1690
2876	1585	2403
5038	550	1462
2626	769	1989
1416	1625	1545
1621	2325	1975
4291	1201	1333
4979	161	3110
5066	1881	3280
3286	42	2328
5118	2475	2273
2986	886	3916
4863	393	4226
4957	2492	104
2626	2406	1442
3627	2398	1853
2429	1540	146
4827	1918	755
4300	1015	734
3782	1721	647
1155	180	1840
4291	1425	3158
4435	240	2137
1909	1472	1055
2429	661	5269
5264	1947	299
3221	1765	686
5066	1182	3626
2994	789	4403
4257	1913	3432
1895	2353	726
1626	721	2039
1826	769	2207
1605	1680	1179
4773	296	2650
18	2269	2946
2986	886	1751
891	1513	281
4459	2180	92
2185	2543	1605
55	1340	1494
3650	232	891
2848	2600	2849
129	2362	3797
5151	67	3148
5231	2217	2444
4882	1051	333
4060	1474	1725
4827	1561	2271
2755	1041	891
304	1130	2871
3804	1730	1800
3015	1296	1779
5166	820	1709
4957	1733	1468
4852	1404	2787
5129	1147	1903
3954	113	3717
2986	2268	4206
809	1720	5014
3847	320	4194
1564	1617	891
787	2108	2324
4210	369	701
3417	1293	2395
4852	1298	3052
4827	1733	637
2621	1733	1079
1138	1404	942
4291	1040	1945
4435	1639	4190
4642	547	3308
3087	326	2145
3577	1395	3504
129	653	84
4435	1370	1116
1299	579	5136
5013	2200	3554
2175	2246	4678
1688	161	3110
4291	1224	3109
1469	1087	5251
5066	799	5077
891	2479	1193
3108	2056	4533
3221	1776	3801
304	1640	4549
5266	1822	2480
5106	977	891
1561	1391	1355
891	795	2450
2289	535	3182
2429	2481	3511
1390	769	1906
1469	1076	2968
5015	2348	2038
4969	1733	2603
3765	1445	788
746	1686	3538
573	1733	3350
4024	448	1240
4200	2225	1483
209	2573	1721
5294	1434	1683
3064	1512	2506
777	1755	776
2986	2423	523
4291	1034	2169
1494	1839	1302
2429	1733	770
5292	261	2032
4528	87	1013
661	515	4946
4435	1924	2737
1172	2588	3184
3008	734	3997
2911	762	1738
4101	126	1697
2652	769	790
2039	1681	3042
4291	2413	1149
1004	394	4291
3782	1923	329
1187	2094	2927
4701	2226	4642
3784	1873	2764
2760	2250	1383
2927	837	4089
1355	2297	945
3784	826	2132
5169	410	1428
4827	165	1177
4435	630	5295
2553	769	495
5014	346	4767
18	2385	2022
2621	2102	2977
4291	1419	4320
392	1660	4827
3342	891	1268
2626	1304	366
5294	843	3107
4941	384	2719
4268	505	3996
891	1145	2722
4746	1776	1130
1379	797	2658
4746	128	4588
1921	2241	2850
4969	829	4211
3370	821	2034
3417	856	1965
3128	444	4827
1292	375	2452
4101	1354	5115
661	930	4502
4893	1776	2986
3037	2336	4788
4852	2312	2059
4852	1250	267
4435	446	3507
3480	161	3110
2003	2057	1483
4957	1270	2674
1140	1311	261
3796	2403	2611
5037	583	3636
4992	2311	933
3370	2322	3911
4435	2247	4993
2626	1471	2965
2927	769	4030
4459	188	2191
4300	799	3386
5085	446	484
2911	1234	4429
1140	2621	4301
4182	1775	582
1909	456	3983
4969	1158	1124
2876	440	3329
2626	1560	1166
1548	693	274
4291	749	245
88	2377	2023
891	1087	4067
735	1201	2768
4197	1139	3246
4062	1967	4609
4852	1776	3338
1463	411	2323
4921	161	3110
1141	894	1253
5066	2208	2723
1277	1872	2056
846	1698	4065
18	438	353
5129	866	3224
4291	2044	4411
4866	1530	1418
3220	382	4072
2531	1031	1929
4621	1867	3678
2897	2316	2019
632	769	2730
4128	769	1403
1002	1748	429
787	1545	6
1141	1003	5021
2455	1733	3222
124	308	3741
4030	769	4578
5169	1343	4176
2911	239	1918
1979	676	4178
2531	1288	121
1187	92	527
4268	2050	4020
4291	528	332
1826	1326	2151
2369	434	1095
3221	1776	4401
1610	1776	4653
18	2385	1378
4435	471	3648
4827	165	4126
2876	762	3550
1909	2183	2426
4291	269	922
3340	792	2300
1080	1449	2954
3357	665	498
5006	384	2039
373	5	428
1379	276	2464
596	1164	3294
4927	1482	289
4852	2322	4035
1610	769	4781
277	2626	2876
5068	16	4328
4435	2086	4662
5294	1736	3508
4435	915	3191
891	2235	2619
4291	1797	705
5294	1838	2999
5294	165	230
2369	370	3027
4203	1242	612
2626	1232	188
3732	733	1181
1610	1572	1206
4927	2421	2259
1494	2361	3869
304	1571	4914
898	957	5258
3340	1079	4364
3944	594	2582
5169	1471	4799
2825	254	4818
4642	2584	767
1559	22	3784
299	2377	2990
50	512	4395
2911	405	3673
129	40	3250
2369	1790	3092
1979	953	1000
676	1318	2088
3221	769	831
982	1029	1096
2904	892	4122
4106	1758	1068
4704	320	427
4291	1733	903
1921	1972	1904
2251	769	2166
4852	1020	2462
2587	1748	246
4426	177	990
5297	1178	3237
1140	1137	1810
1434	1959	3829
4927	1328	2628
4435	2323	5209
4495	1975	4551
3221	2161	2442
4897	963	1641
479	254	1610
1476	486	3543
256	1667	418
3417	119	445
5018	762	4382
4291	387	3309
2289	2628	1139
63	438	111
891	1167	5065
1379	674	248
5118	959	2883
4927	33	5246
3026	1729	4503
2986	1491	4590
3340	2322	1472
3132	1776	4956
3660	778	1648
2659	212	3915
1416	2370	2876
4501	1645	2865
4827	2322	1706
1277	1354	2520
1610	320	4398
2429	1075	3251
960	2312	3849
1877	758	1755
3959	2027	1941
803	2195	4435
2854	2567	3006
4300	834	1892
982	1530	964
2507	2116	244
63	569	2004
3530	678	661
3479	1951	272
4228	2255	5102
4852	1918	785
3221	1356	1530
4726	1029	3946
4949	1782	2459
4886	1249	2964
3245	1776	4683
1756	601	5195
3521	1733	5013
573	2601	5177
4827	2378	1329
1277	2273	594
2986	2045	3406
5131	1659	4402
1798	1504	316
1764	2040	4873
3417	2149	1035
2100	769	147
4636	200	3023
2364	26	4937
4704	119	4347
2986	2631	2876
4459	1005	1940
4210	369	4276
299	1507	1876
4521	1219	3295
4741	2274	446
3221	1849	1804
1140	512	3921
2053	2462	4526
4291	2334	2793
4827	470	4525
4435	2155	2734
1609	1733	4493
3008	2089	2606
3784	2322	1540
3221	762	3681
2345	497	760
1909	1666	1987
4852	2312	3974
1379	1881	2347
3417	384	4929
5169	1036	2752
4741	79	4419
4636	270	5274
941	1271	5280
4435	669	4573
3088	1779	2876
1979	110	98
1416	2515	959
3733	2643	575
3945	769	3608
2559	2125	4060
671	650	4682
2479	2231	3326
5170	2189	1937
2679	2299	430
4291	1149	3755
403	769	461
4291	94	1247
4291	320	3831
4642	1571	3331
1979	1490	670
15	161	3110
3481	177	1979
3570	2618	2546
2551	2342	2664
2348	2095	4060
1477	1800	75
1379	1511	2068
4291	1354	3520
4291	1471	49
891	1959	3292
1120	542	1799
4746	1926	192
4927	1336	2570
4969	2421	2863
960	2312	4671
2609	2373	787
4927	630	474
891	479	1318
3340	608	4148
1355	1101	2942
1761	1408	1255
4927	530	2809
3241	746	4558
1610	278	4980
1292	491	3851
591	215	2986
494	2322	1605
825	1717	806
4932	834	1500
1277	1669	4750
299	54	4667
1346	10	3902
706	2463	3999
5014	2312	1082
278	69	3505
2876	799	4224
573	1796	57
2876	799	500
4969	1471	1938
4705	1910	3151
4827	762	2595
1175	2100	1142
4060	452	5019
5169	876	5182
165	769	3954
3954	740	1147
5066	1776	4487
3472	1666	4275
993	1276	2048
575	605	1952
4685	568	5066
4773	2164	1735
18	769	417
3957	2467	2762
2911	1058	1415
2507	1733	2066
5169	1251	4400
4268	2600	955
1141	983	1164
5152	2222	3794
4773	769	2489
4887	1352	4357
5121	1834	2626
960	1192	1569
4291	573	1231
4724	2428	3957
5294	2322	1927
2177	1283	4773
1187	1659	5156
1359	1979	1386
2911	2047	1456
1359	1092	4563
4291	664	3313
4291	2167	4349
5014	1543	2644
3409	2384	1934
4	2089	902
1979	494	3708
891	1166	2012
2719	2408	2407
4435	1003	4810
5294	1871	2173
3049	63	3957
299	2514	2864
2986	922	134
299	2162	2293
5222	1130	4158
4291	1623	1489
216	374	5291
4210	914	4708
4636	840	1959
4291	1645	3435
2876	1202	822
1477	1266	3884
661	930	2918
2205	2503	5291
1168	1728	414
4886	384	665
2017	2323	2083
297	2473	891
4920	2500	4613
4903	2437	1460
2789	2260	2099
2258	1048	606
4120	769	1376
573	984	1438
3566	1948	3091
4852	2312	987
4060	1059	2383
3271	2380	4501
4291	2468	5268
3818	1667	2212
3739	1201	2886
2719	1536	1728
4920	1228	2845
552	1535	3496
2621	2052	3440
2927	1087	626
2927	1698	5181
4030	769	1608
1204	774	1623
5294	620	1699
4060	1543	853
656	1632	1158
2626	1455	161
577	487	1651
497	2272	4439
552	1688	426
3627	2305	1032
2954	2496	1907
4085	1094	4827
2178	769	4647
1141	769	4709
4277	2268	4736
4403	408	1869
2621	1439	4648
1176	161	3110
4764	2152	1691
5034	1592	235
4878	985	3841
299	640	82
5195	712	569
3636	769	958
2621	1364	4384
4300	1476	259
4969	2526	4214
3627	1948	4134
4704	2502	2895
4218	927	4973
5066	1733	99
5066	769	2699
4969	1733	302
2593	161	3110
3691	1596	1795
4920	673	3989
4435	799	5051
4041	1245	999
484	1950	2986
23	109	4773
4403	1881	2313
4175	1050	299
1943	1139	2986
2719	1780	4765
3340	1776	3860
3008	1733	3167
825	164	1859
2876	769	623
4283	1440	1533
2531	272	3759
1171	1075	3489
4969	2510	4480
4291	2602	4358
4499	599	1797
2892	2385	3073
4856	1776	3967
2039	2109	3659
3417	1224	2162
4050	2007	4084
2685	506	897
4300	573	119
2876	2322	4154
2626	2079	2477
2911	1230	2901
3340	2322	1696
3174	993	1793
4459	886	282
1422	2331	3957
63	1887	4470
825	2285	1859
2289	2097	69
4291	2312	1053
1610	2425	3110
5108	1645	3784
5294	1805	1146
3636	1776	1864
2178	397	5146
4403	2377	3579
2621	1003	1687
422	2057	4736
1826	790	3721
825	213	472
2621	2451	2330
2345	1402	4786
4621	2156	250
4345	161	3110
2531	2469	2174
3221	2607	4319
5085	446	4130
4106	1646	885
846	1209	5098
3417	2481	4930
1835	1809	1429
1476	2158	505
4143	488	2219
1477	2292	1052
4143	218	2695
1261	52	4656
5013	1244	2907
3098	2273	61
4317	775	891
2626	2347	870
391	2334	1993
941	1744	3098
2876	1609	1397
2608	144	339
129	1208	1791
5013	1629	1335
5170	694	2615
1359	666	3165
3417	1555	3127
178	1938	2892
2874	769	4009
2621	563	4497
1277	23	732
1840	835	2905
2429	1038	1162
4746	2412	2620
274	2506	931
859	539	4824
3370	845	4953
948	730	118
3208	630	1143
2911	1203	2670
18	276	108
1141	173	1414
3627	799	1584
4957	2585	1992
787	951	882
575	2337	5059
4894	2023	159
5222	925	812
4291	1564	2751
1925	2150	3301
3886	917	2212
4291	2386	93
4435	320	2955
2911	704	71
3944	1590	1891
4969	1471	3434
3074	401	2238
1614	1078	43
2986	2330	2045
1182	42	1625
4863	182	1342
4291	39	913
1605	617	4825
4834	2303	3704
4642	28	2466
4435	2608	332
4101	934	452
3784	165	5042
948	1963	1844
2345	2245	3353
2954	551	3180
1476	769	675
4969	799	5223
129	2508	4711
2904	2491	1567
4330	1154	2072
2929	1029	115
4932	1962	235
4269	2186	5294
5040	585	4933
1379	799	4624
1873	1733	1610
2394	57	1102
2531	799	3973
2626	188	54
628	344	5291
2897	2027	4471
4992	1392	2394
3723	2455	4812
2050	161	3110
3208	1914	2014
4818	2586	3195
5000	759	1074
2986	1959	1041
2531	2312	3645
883	2164	1753
5152	1531	2698
5266	698	5041
661	764	4945
2507	384	179
4700	1932	660
566	1574	129
4571	486	3509
4025	80	4722
2719	1980	2626
1901	384	1516
1494	673	1878
4325	161	3110
4291	769	2339
4969	1881	3323
2626	2601	5261
3221	769	3229
3034	2415	1979
4571	2419	563
3202	162	1483
4291	2601	3815
88	126	3341
825	2631	4646
4334	1029	1008
4704	1710	1517
1215	836	2429
1197	2023	5170
2986	1641	857
599	1003	443
4927	1003	1084
4827	1354	2784
2621	1259	449
4025	2570	1399
3636	769	1789
4680	364	1355
2911	1354	1251
3498	1373	1813
3846	917	2718
4025	270	3769
4291	2304	2781
1610	486	1802
2531	490	4052
3417	886	2000
4942	597	2175
211	1157	3417
4852	911	3955
3749	1446	1672
2621	98	4087
4827	2322	3773
4435	1707	2101
4025	2487	1209
2986	1123	1610
2364	1830	3779
4636	302	1250
2621	6	1948
787	2495	128
4528	2398	4985
2429	1843	585
2719	1780	5208
4403	2282	4718
2626	1477	148
2369	1793	1597
4642	666	3732
5066	1771	4045
183	1878	3312
1126	1655	873
2634	1692	531
1136	1525	3334
2876	2504	2425
5169	55	1057
4565	496	4882
4300	183	4445
4291	565	466
4128	2322	4260
738	354	2404
4852	2342	4604
4969	1139	1319
88	2383	171
2392	1282	1381
3968	823	205
525	2459	538
4746	621	4540
5066	1733	4790
3944	2589	1448
3193	1862	3208
5066	1904	2108
4291	195	2567
891	1393	2604
4291	1456	1457
4704	1139	2361
4435	2258	3266
4870	353	1218
4277	498	1610
4435	387	4809
5169	2282	3866
4205	606	4741
2626	1733	188
2911	1776	2086
2897	769	3273
4435	1012	616
1550	1181	4259
2911	1497	3856
3627	1847	2925
2876	2262	255
1610	1776	154
4060	1310	641
4151	1946	2039
2621	1075	2280
1761	1501	4258
5013	654	1335
4811	2593	1823
4300	2447	2651
2039	2562	1153
3221	769	1788
3899	632	4019
4897	2431	4310
846	1733	2121
1610	1343	874
3650	798	3468
1947	2169	3244
1627	678	2876
4025	1690	2456
4957	2105	2746
1921	1221	1430
1141	2239	3891
1141	173	4215
3340	2207	2657
1477	1311	429
4957	1939	4001
4300	274	4614
846	1698	1963
872	548	2964
2336	1023	2986
4528	1325	4569
2387	1853	5155
166	126	2568
63	1733	3189
5066	769	1996
4233	21	3062
4060	769	1237
3833	1733	614
4060	1271	3265
5231	1216	3970
4766	2474	1610
1476	769	284
2911	1905	4333
2531	1962	976
2911	296	4170
661	1580	619
4300	176	3871
1293	1928	1795
129	2335	747
4957	700	1453
2229	161	3110
5165	549	840
573	1161	153
361	1184	0
588	606	667
4291	2578	4512
4030	769	2051
5169	13	4800
1823	2601	3066
2876	1733	1337
3221	611	1865
4852	1918	2493
4101	1962	4321
3377	507	2475
891	1776	3806
5013	1800	602
4203	174	709
129	787	3461
1925	1730	381
4230	161	3110
344	308	2626
1326	1012	1270
4106	2560	2556
1961	1141	5214
276	251	3679
3566	1851	4915
2848	517	1872
5294	1599	2213
2986	1762	2283
4642	948	575
2531	1733	2662
2039	1354	2885
910	799	2846
1958	17	572
1610	153	604
1494	2361	3701
1028	2057	1590
3059	673	4630
2039	1021	3003
4030	647	568
2724	2101	4050
4112	161	3110
4928	1883	3073
4272	1383	823
948	743	4550
2621	2334	2676
3004	1384	2039
2911	649	4687
2281	1764	1947
3968	201	3344
1877	758	20
5151	67	4835
1355	1204	1151
4435	574	1450
4957	1820	2203
3340	1776	1305
2031	2376	1277
3295	1210	4421
5231	1494	4082
3636	1974	1027
1610	161	3110
5038	1964	4029
2876	338	3007
4659	125	1527
1140	1833	3201
510	2312	389
1007	2322	2625
4435	18	1607
2986	2410	2301
4927	114	1275
2063	799	752
4108	1998	65
2194	1669	5032
1140	1733	3591
4291	1169	1784
89	2476	4500
2986	2196	3937
2331	230	1443
3129	1730	2424
4852	1687	5036
3655	1029	841
1702	769	1134
18	566	310
4827	1822	3500
2316	161	3110
4168	1747	974
2904	769	2756
403	769	4672
2599	2601	325
2876	838	4092
274	748	1703
4435	2300	3754
2621	1924	3233
1605	995	1061
4050	1228	633
4182	2376	1979
3381	2514	4592
5290	2080	4368
2621	1733	1115
1909	2001	3966
661	762	4187
891	1322	1664
4520	801	2028
735	608	4654
1610	824	3349
3417	592	2076
4203	1776	3457
4060	378	2823
3784	165	2726
2626	1400	3647
1327	1301	2626
544	1170	415
2429	1089	2226
4852	2312	3990
3319	316	1072
3549	971	2062
3915	388	1118
4827	2322	2129
5169	2345	789
3064	1918	1131
2621	625	1411
2876	799	1478
4932	1934	1297
632	769	5247
1909	1720	5014
3087	1743	480
891	334	1341
391	2322	1490
4679	2168	3239
1355	1032	1148
63	769	4069
2973	799	2837
2531	457	2309
4210	2175	4494
2429	2504	4529
4291	137	3112
4927	1602	3143
4957	1962	2342
4969	1076	1242
4435	276	3672
2553	2201	2436
4326	2619	273
4291	516	1574
1395	1012	4617
4268	270	3255
1770	1002	352
1610	1541	5116
4306	2041	446
4435	970	4774
1182	1087	3018
2626	787	3800
5280	1165	3790
4435	1959	2445
1476	2395	4156
2205	1305	4932
2897	1371	4676
4741	1959	4311
183	573	4643
982	2616	3268
1764	2081	887
4030	1139	643
4827	513	3501
850	1727	2574
2876	2429	2691
3340	769	11
4435	2471	5075
4848	1881	142
4520	1118	169
4300	2268	114
4922	1404	4050
4435	1012	3709
2626	808	1705
5231	1412	1905
2911	37	24
4741	349	4296
2531	438	1681
1187	1311	2728
1714	1268	1779
1610	1354	854
1554	2424	2652
891	2084	4180
3208	1942	3602
2175	2553	4440
3627	2544	4473
1610	923	1069
1355	1733	4496
4957	1881	4001
2055	1619	4887
4520	2537	3206
5010	629	2039
3566	1948	581
4827	1776	3889
4417	126	280
2986	1022	4958
4544	2365	4582
2800	277	3506
4717	2123	1133
157	504	3432
1088	562	573
1476	769	1647
2719	282	13
4642	276	5104
891	1228	4075
4435	2405	1931
2701	1309	4920
3340	1776	5049
4852	2312	2872
1508	409	5294
2911	2359	4474
228	1172	451
4128	1774	1423
846	1642	713
3370	2633	3046
844	1546	4852
3736	1341	5273
1292	769	4745
1978	161	3110
1979	839	1345
2719	1825	453
2949	1614	252
2355	1492	3008
3373	1312	878
2109	2489	537
5150	68	1890
4354	1934	3028
1349	173	4215
4060	1623	3145
3417	438	1586
1815	436	2475
4435	714	3382
4741	2531	514
977	2395	3824
5195	2058	756
4852	713	4202
5085	1006	1781
4882	433	5084
2429	673	3978
4393	412	5221
2429	1416	3880
4897	2514	818
3087	1317	1573
2897	769	1654
3022	1980	226
1370	762	3528
1138	64	2920
2911	127	238
2753	2636	2062
573	937	4692
489	358	654
2911	2438	2396
1855	305	772
997	635	2876
4291	1789	4737
1770	783	1739
4300	1325	3854
3008	769	4819
1007	799	5198
1187	987	293
2986	499	459
1868	769	1849
3340	769	3644
4827	320	1036
2876	2312	2049
4185	414	5040
2531	1508	3153
1761	2396	5263
299	2549	170
4291	1645	3552
1494	256	1484
1326	1645	3235
2289	1954	1157
88	1881	2844
1477	2631	575
1264	1891	1593
4403	1120	862
2911	1297	4888
5066	1541	4996
4210	369	4681
4300	1733	666
960	1981	438
1477	1907	1838
3915	384	120
2637	2604	3057
1476	1530	274
1494	1876	804
4827	165	740
3132	1733	3162
1476	2332	1109
1477	2602	1778
4704	1866	3753
3954	1176	707
4291	474	2234
2491	1616	1198
1299	810	477
4389	804	5225
2986	1870	3614
2268	1854	3945
2876	799	583
1379	1314	929
4920	1769	140
4291	373	5103
3955	2377	2195
3417	590	919
2429	1756	3786
3008	165	3249
4279	1351	1073
4060	970	2123
2621	2112	2260
3953	1828	1217
3221	1193	2233
1187	369	3199
1534	2433	4348
4827	513	3065
4852	351	2597
4291	2312	1871
4520	478	5303
4182	465	1979
4291	2481	2245
391	735	630
4291	1351	1511
3008	2157	164
4466	769	4228
552	1429	655
2258	2470	5099
470	762	135
4827	320	1591
4031	2057	4528
209	2205	465
4744	1379	2876
2626	320	4053
3370	320	3943
872	1808	3514
3074	1733	2786
1058	1029	3567
4840	1733	1312
4074	564	547
1912	1906	429
3784	1918	2590
2531	2377	3456
2986	1551	1919
3351	1505	3950
4025	2487	2696
3370	2204	5096
2175	1968	3971
1356	2617	4827
304	2458	231
3258	2486	5014
471	661	1610
2413	675	3662
4300	1881	2672
846	1759	634
4291	2039	833
4128	1100	185
19	1795	547
88	1836	1638
3320	396	2799
1610	295	813
1355	569	405
639	769	3642
4291	1013	2518
735	386	365
1141	1626	2327
1098	1623	935
4957	1253	4769
825	1868	4967
3221	1510	234
1826	2134	2015
5068	966	3207
4268	1069	3187
1140	1315	2074
2596	1730	1537
3417	528	1226
4557	161	3110
4495	715	1222
3656	1131	4882
3074	332	4071
4300	834	463
4702	330	4488
1826	2007	3190
1074	939	4285
3211	1073	3074
1230	773	3603
2876	2322	2957
3417	874	3236
296	884	1278
4856	1481	406
5282	1748	309
552	930	410
1086	872	4918
4882	828	856
2100	1518	571
3008	508	909
1909	1025	4115
953	1733	918
4135	281	960
2626	188	2236
299	320	5200
4969	1195	4778
4101	2524	4304
3059	2177	5145
5009	1404	429
3686	1432	3111
1105	590	1795
3432	2045	2202
4256	1488	2062
4143	255	3374
859	1852	749
3557	2615	4042
2354	944	2409
4291	2376	815
891	1459	2428
4291	1669	3829
1633	514	4435
1494	2361	4579
787	142	2402
1307	432	2626
299	600	2054
891	2174	733
2535	1224	1840
5169	2461	3940
3175	2214	4852
1494	1311	345
1477	2464	3276
2553	2550	3161
4931	2505	63
4435	627	2102
3354	1111	4827
2626	1776	360
1141	2152	2046
5015	1903	1862
4852	2208	2735
3221	1389	3757
547	1965	4054
4060	536	5137
912	942	4803
855	1776	1283
4927	1423	3585
3618	104	2638
5294	903	5160
4736	1604	3402
3008	129	3788
2492	149	3290
2997	2033	3546
56	161	3110
4210	369	764
2289	1146	3311
4291	1139	565
2986	2398	696
4969	1664	2143
1770	1731	4976
4024	1539	1475
270	786	4268
2897	246	4828
1203	161	3110
2632	947	4417
5191	270	4528
2848	2539	2558
912	958	1805
3013	2624	3847
18	1916	2359
1909	1776	1169
5066	1356	4350
3008	126	5196
1277	1235	4448
3577	1018	1507
3566	1948	2530
1141	730	197
4182	875	3722
4435	47	109
891	1734	1427
3784	2223	3011
2621	438	3780
4368	1558	2909
2490	1699	951
2354	697	5207
3470	372	3008
3120	1645	2941
4291	2598	1135
4969	509	2095
373	2385	4097
4300	291	2176
544	1821	2780
1610	1348	2058
777	2286	1258
1657	308	4852
3417	2631	547
5038	1143	2817
4859	769	2605
5013	610	94
2511	2501	1762
3098	1311	2919
4694	1733	4417
3270	1008	2475
3370	1569	1985
1140	1623	3502
4561	346	3829
3627	1430	3881
3208	2224	2110
1685	769	3277
1141	2218	3361
2911	2342	1017
4852	413	3310
403	1776	4261
1431	7	2848
5169	501	4463
2911	539	1195
2911	9	4511
1610	1776	2252
4228	1705	1005
3077	2164	879
418	1284	79
2531	981	4267
1494	2361	4612
2876	1105	2403
1909	777	598
4957	446	444
2876	1541	2602
2904	2392	370
3059	2154	2432
3861	2363	4764
4890	769	3303
5066	1541	33
3008	1311	708
3560	1178	2554
1967	161	3110
3697	154	2980
2876	764	1951
817	732	3807
3370	1776	3979
2911	1464	1606
3059	1864	4308
855	769	32
1129	1104	2954
304	1354	2041
5294	1485	1522
1921	1733	3302
1610	447	5254
4969	539	1570
3022	2434	4869
1212	2065	3627
4927	2420	3963
2247	86	4030
3417	505	156
2097	769	2831
1550	427	241
163	1678	4418
4203	1733	21
4927	1139	2541
4704	2601	2725
4375	2410	3847
2332	1745	2391
1140	1669	826
3097	1540	4874
4417	2316	3252
4969	1043	314
4435	1362	1572
5068	2280	53
2813	1664	1610
5266	841	5170
2911	857	271
1494	163	3901
1313	2057	1758
2876	1776	3892
2936	1367	573
3008	508	249
2621	539	2027
299	1674	225
532	48	3607
2429	85	4755
5195	811	2771
2376	996	3334
2443	1287	1947
632	2576	3157
891	1770	4684
4435	1404	3726
1395	2160	72
4636	840	3865
129	485	2622
4389	1618	1223
2607	606	5125
91	761	2954
3404	1733	308
88	784	86
5169	309	3601
3220	1748	3696
299	2377	2136
2205	1280	5229
4524	2031	4542
2876	2212	2646
5047	1191	2227
1449	883	912
855	974	830
1277	1875	4733
4641	2308	3241
361	2167	4872
4852	2312	757
1610	2038	1406
3008	357	567
2025	825	2641
2079	147	2876
4878	1952	4710
4920	2388	3212
1835	910	4133
2911	225	642
3393	268	152
4210	382	3522
2911	1911	4383
4300	1817	3197
4435	575	4575
3340	2621	3234
240	606	1182
1355	2217	4897
4856	1689	1850
2592	384	2719
3417	2398	3474
4281	884	678
547	1225	4889
3569	2206	1158
2429	982	3430
846	1441	2985
1610	1003	607
891	600	1549
4060	769	3610
4232	73	847
4746	2257	2654
2531	2170	2618
2626	2126	5262
4852	2312	3835
5300	2529	5170
5195	2091	2515
2986	1003	196
4210	762	4843
3340	769	285
891	2174	2228
2986	1733	5076
891	310	4852
1140	768	4793
4852	2322	921
1777	1730	3253
4852	2312	2792
2289	1384	2709
4435	2147	2113
2986	1658	1392
2621	2043	4584
3213	1070	5014
3208	528	4266
3008	1103	206
1610	599	1030
4897	1617	4336
2072	1543	4826
5085	1881	829
1047	495	361
4852	2322	1321
1141	1600	3960
3437	960	912
573	134	5048
4300	2450	5187
143	756	1909
4528	614	46
2680	1438	4827
2429	769	1711
3566	302	891
5022	2365	4582
5179	2144	799
1610	1981	5003
1422	409	1141
4057	2495	3171
1086	1160	4913
4704	964	3593
2621	539	1368
1182	1956	5091
2986	2499	4295
4849	1756	3391
129	2015	3864
1494	2361	190
4771	598	3882
4402	2473	3014
558	2291	283
4210	369	2547
1370	647	3545
573	1624	2448
2356	1134	4682
2411	1248	138
4920	1841	1632
4836	1039	1847
3399	2312	2513
4300	11	4880
795	2507	1393
2621	607	5113
735	917	5204
960	467	2686
2740	864	1196
4389	771	4457
3108	799	4902
1610	953	2120
4060	862	2910
2986	270	4688
299	1843	3638
1611	1909	149
4210	369	3186
18	505	2075
2717	1042	4101
2072	2054	2599
2531	917	932
1465	2366	2039
5294	1212	29
5094	1733	1807
1310	2601	969
4717	1451	3333
1605	1776	4761
4927	1519	4198
1165	2559	1182
5294	931	2393
1605	1495	5213
2986	2301	4161
2876	2312	3563
1610	2342	688
3822	769	2353
18	2385	727
3208	1733	3611
1826	1641	1174
2876	769	3133
2911	462	3674
989	1091	409
3417	2182	4093
2941	1663	4741
1909	366	1328
948	443	4995
4741	2136	1173
4127	677	3770
4704	1390	1524
4456	1117	4142
3512	1593	1921
2949	1277	693
1187	754	5224
4291	162	2282
4291	466	722
4182	2601	186
3221	2527	2954
2986	1311	3949
855	165	4422
4300	1994	1482
3784	2167	2156
4060	2075	1956
3017	1827	1021
202	259	891
1840	1945	4335
2621	878	1803
3340	561	260
3417	420	2217
5082	1163	139
212	2620	3337
3945	2009	3032
4631	88	5194
129	1121	5127
63	1733	5168
4499	799	2992
3340	769	2256
3399	2213	973
4528	1224	1066
2780	1711	4048
2848	438	853
4182	336	4807
5195	1654	483
4300	1733	2502
4128	1021	3423
1863	1658	1494
5170	587	4713
4210	369	5086
