1674	2222	3099
462	1504	3278
3247	2179	939
2658	2623	3494
1953	842	4257
3576	437	616
3462	364	4082
2416	2814	347
3041	1382	4101
4899	546	5450
1314	2247	3906
3697	2764	4093
4127	2530	4810
1330	18	5602
3501	417	3358
356	1423	565
1674	2732	2202
5101	1910	3722
1642	303	2404
68	1288	2120
3261	2218	5074
356	1106	4620
4705	1965	560
1330	2717	1288
2933	1106	774
1972	1441	2935
1033	2289	5234
1760	2699	1431
2082	1763	3623
4098	726	4185
4418	95	4269
4881	2748	4983
185	228	2120
430	2146	1341
3159	113	4295
2003	425	2410
4899	1426	1637
1370	2219	1806
964	2247	2683
5444	1585	3398
3509	200	4891
354	2032	3613
2709	318	3513
2003	2799	938
5444	2345	4634
2224	1810	1797
5117	478	3627
4694	1105	3327
746	2255	4757
91	160	2866
1814	2247	1588
1377	1725	1692
1330	1629	3025
985	2222	1704
4499	1220	5109
3590	2230	3909
930	2002	153
964	2275	108
5276	2247	416
3414	1895	4475
4899	1836	3396
3656	1360	2423
4167	1265	446
1345	2284	3026
494	420	1185
2026	1779	2298
1706	93	4067
2651	2699	5588
356	535	3599
815	532	2279
411	2413	2456
2113	2247	983
354	193	4204
3093	1278	2217
1377	2114	302
4654	574	5161
1875	1163	3552
4917	2536	1693
4572	564	2712
5444	819	1089
3746	651	99
2168	1564	918
5555	1601	2441
2592	416	2149
4899	949	5452
4868	2511	97
3491	1468	1009
3128	1471	5538
2771	366	2180
1902	2247	850
4654	545	4303
5583	2247	2255
5101	1645	1620
1033	2562	4958
2933	2544	4908
1330	997	2078
4410	503	3746
2224	1270	901
3128	2298	5626
4572	1534	5006
4945	2582	2042
4418	18	4043
193	668	4718
4654	1147	2676
1203	363	5615
2168	1467	3267
3746	1193	5459
283	2325	1079
1330	2222	4012
3250	1313	3302
3897	487	4861
91	2123	2977
1370	762	4345
3654	800	2808
572	2171	23
1033	1295	3363
3978	2222	2249
3265	2174	1371
4032	1251	4427
2979	259	4343
572	1613	226
3128	734	2105
3784	2334	4537
1033	194	1110
4823	1687	930
4757	700	2508
4616	2310	2548
1033	1760	5433
2168	2458	3061
1033	1271	3912
2113	2222	5084
1462	517	1844
2979	1559	5146
736	529	3374
5555	1151	4542
1330	2671	5569
4999	1315	3746
2933	1143	3496
3128	1515	4340
1674	652	707
1674	1777	2884
4654	871	4465
1345	226	305
3476	860	3389
5444	293	1382
4654	241	3610
4464	2536	5587
2072	746	3769
4127	1109	1668
766	852	5129
4572	609	4873
2003	884	668
4864	606	2912
2816	2247	3440
1674	734	3067
5462	2511	2694
932	1111	4904
356	2470	4837
1377	2543	5215
2417	1285	1116
4817	485	4285
1858	503	2000
1330	2241	5383
964	840	3786
953	802	4654
356	2444	2617
1064	2523	256
5519	2705	875
1203	2444	2394
1674	1259	3126
5411	1665	2168
795	18	2741
1674	729	5517
1303	698	1827
463	70	4375
2933	2470	5373
736	2517	838
1496	2191	5608
3476	827	4125
356	832	728
5179	2470	5225
1894	1790	1642
3746	863	1035
3746	2699	4773
3053	389	423
4430	2205	3656
2794	505	468
1259	830	3163
3265	466	3815
4868	474	1528
5408	2251	1216
5403	2222	2002
5316	2247	5014
3656	2095	2785
4899	1263	5271
1278	1986	4277
915	1573	4494
4996	2159	887
2113	2222	382
1358	2247	1397
2168	1213	1622
4572	2358	2062
2120	2504	1196
1674	2218	4313
2933	1520	492
554	1825	3187
2933	1672	1272
3128	1840	4788
2003	2485	647
3884	2186	4183
1535	361	611
2003	1157	4877
1710	1694	893
3558	745	3642
3656	2629	5089
574	32	4601
4957	187	1449
943	1949	3814
4694	2005	3852
2900	742	5520
939	1846	4998
1303	2660	2027
4899	1880	5470
4573	85	1486
1330	1274	1752
2120	172	1683
3414	626	1399
3742	93	1566
1953	495	2975
1314	1329	1367
2003	1459	833
176	2222	2073
5361	508	3729
4654	787	3209
1394	732	1675
4899	2059	617
4899	1159	5440
4864	657	1543
2003	2200	3266
1674	1297	4106
1278	569	3979
3541	1962	4452
3433	2247	5105
4598	2477	5330
1330	2217	717
546	1396	4386
964	366	4590
193	1710	1623
4698	2087	5391
1817	2431	3999
1249	1958	1920
4563	1144	1808
4391	1559	2271
2168	2051	2173
5295	1443	2888
930	2247	533
184	2218	1186
4654	574	5514
3576	2474	1742
4760	2623	3666
2120	2083	1297
2168	1415	350
1814	2247	702
2339	1737	817
4032	2247	417
3746	1372	1201
107	612	3625
1621	1451	784
706	2218	719
2072	1250	3228
3476	1056	5541
1203	2222	2407
3562	2247	4551
1165	1994	4576
2933	1714	5289
5498	1499	3476
626	2270	2049
1951	835	1377
2003	2035	5265
5444	2793	2839
2816	631	3835
700	2599	91
3455	2292	2807
5126	2247	355
5375	2700	1766
3710	2704	3762
2505	1000	4219
3128	714	4778
1377	2629	66
2317	2623	5529
4899	1055	220
5403	1192	2330
1760	709	3926
3414	2042	4831
4899	1840	506
5462	2247	2024
3657	1420	2778
3132	1516	780
1377	1624	2016
5532	2218	5604
356	2218	1490
2933	1362	1383
2168	895	3444
2934	2167	3796
932	2218	1246
3590	1763	713
125	2247	2458
3890	870	4617
3128	2485	3782
930	1777	192
1377	1015	2625
2003	957	3450
3055	952	4817
3414	2016	4726
932	1911	505
2933	1926	4994
2933	2308	761
5611	2222	4221
4698	143	1244
939	2674	483
3842	1676	3107
2224	2218	5471
3128	2699	418
2072	1013	4176
1330	133	634
3706	1193	1266
3509	2516	3807
3476	2123	1268
1858	2095	5202
1003	657	1473
1377	1625	3185
5248	2478	266
3334	748	4489
2168	995	85
1117	1738	1390
773	1063	999
549	654	5245
3473	2810	965
1345	2303	973
964	293	4605
1916	703	4063
4817	1292	2578
1642	855	45
2123	1970	460
1345	1000	908
1377	1252	2076
4153	914	2317
3369	2754	1571
1330	772	873
5179	85	3787
1642	2718	1880
3948	1559	1419
193	1058	333
1377	1875	4516
1033	1193	3803
1642	2218	4502
4517	847	4868
4001	2759	2234
463	147	992
2003	18	2023
4572	628	3133
4117	101	2072
4899	83	4529
5101	2079	4248
4105	2354	1330
5444	2107	5012
3334	2616	2378
1165	5	4687
1674	914	1437
700	1284	354
5444	1643	3734
1642	2247	268
3746	734	4795
170	1719	2565
1941	1677	408
684	1882	2082
3854	2527	2120
4351	1307	4611
3284	7	3488
193	2247	3070
4957	794	2203
1345	2470	2764
546	61	4829
58	1558	2380
3784	2222	1423
546	2222	3125
546	2162	2527
5521	2074	18
2933	867	5370
2120	721	334
5408	2006	3809
1064	233	3390
3173	2417	2581
4127	1927	4828
3276	1751	3534
2467	966	1377
5638	2141	83
3501	524	4102
5067	1685	5384
4572	611	676
2868	2047	1330
4899	1106	3789
930	637	4933
3742	2474	3231
1314	2591	4275
3619	180	3315
4899	818	3495
1312	2202	2852
766	227	44
2113	2247	785
91	1295	2393
5444	693	3690
4899	1101	1561
3181	1356	3000
2417	1857	639
1033	941	3774
2168	2470	20
1345	830	1816
1330	1903	3154
193	767	4955
5179	2470	4961
3746	2094	5614
3334	2802	2177
125	2710	2983
4698	1938	1803
1674	243	3968
2354	894	1739
5603	2628	4660
4757	941	3356
1033	1208	1068
3656	515	2501
2851	2194	5154
3128	1512	2196
2003	548	2363
4899	727	2618
1033	1991	5077
1315	1385	2209
3414	968	5139
1330	952	5029
3334	1939	2665
4009	848	2509
5375	2516	3414
2168	2222	281
5424	1392	4482
91	829	2110
5608	2202	3248
4654	2055	575
3449	319	1798
2055	188	3685
3576	2218	921
3746	18	1724
3276	2247	831
4743	1559	2269
2519	1336	4078
2168	25	5337
356	868	1548
2933	982	1067
549	1014	5279
4899	2193	3474
4817	2222	5203
1377	863	1828
3334	2094	4898
2037	60	5313
3698	1088	5627
1903	2222	4934
5444	2275	3503
3177	734	5336
546	2247	3340
4001	340	381
1020	1040	5268
1674	1783	2558
1199	322	2915
2933	2507	3204
532	1966	4727
1814	2247	3285
5424	2197	2387
2435	2444	5113
1377	1212	1785
2072	2064	4712
2168	2707	1456
4232	1847	2199
1674	2787	4339
1787	1734	2380
5304	1081	878
2065	1216	5551
5444	2095	3888
4817	931	4027
3656	500	156
1889	952	2552
4616	381	165
2096	2699	600
5101	1070	950
2933	1946	984
2816	2048	2148
1875	527	1355
2323	650	3476
1858	839	3225
1642	2649	4488
5179	323	4698
574	156	1088
2354	919	4069
4899	2470	3806
1760	487	5467
251	418	2380
354	1308	4887
4127	2275	4993
176	971	5432
170	460	3216
4245	2247	2737
2351	2247	831
4698	2128	221
2933	2416	5078
3746	776	4900
2055	797	28
3244	1450	870
1875	1871	4708
2664	2586	191
5409	2495	1970
4743	1345	3878
1142	412	2003
1898	1175	5179
408	18	450
722	2576	2360
3558	1397	1536
1033	2234	3597
1553	1086	5290
430	1741	864
4654	254	5363
1674	2650	5066
3265	2218	5184
3177	1661	5019
1377	197	4039
1674	2026	4526
2082	2182	675
773	2094	3309
5444	1016	1575
1473	2123	1141
5611	734	3712
3764	261	1080
5444	1000	5643
3114	1007	430
549	2229	2700
2082	2461	1758
2120	274	2825
5568	1559	1501
1674	366	2067
3746	2725	1883
2816	454	646
3371	2728	5442
1330	2529	1324
3706	2470	2988
2185	2530	2460
1434	248	2805
4945	1116	521
1936	1564	389
4572	511	2058
1370	368	4816
678	2161	2905
3334	2275	1943
1330	2329	4138
2156	646	4996
1377	1322	3811
2615	2299	294
1242	1746	1594
2851	2548	4893
2072	1966	2976
2957	2816	2340
1370	1106	81
5157	1751	4871
2851	1718	3005
1875	1074	1865
4654	1252	2574
390	2816	791
932	745	2100
2933	28	2361
969	1889	637
1377	1977	2511
5191	2474	3254
1345	2470	2898
4864	2485	731
546	490	2112
356	2472	4407
3177	279	2892
1039	741	1674
3501	2554	1351
4899	154	3530
4001	2729	4367
4533	2710	3032
4757	1777	3027
530	1262	3088
4572	930	2760
1330	2648	3738
1280	272	4748
4743	2268	3606
1674	1777	4699
356	38	2682
1064	458	2722
2168	1983	5423
4009	487	1651
1377	2791	4272
1817	140	3367
4899	2504	701
939	2247	1800
4694	899	5061
2120	117	5475
2120	623	2699
4868	2233	1780
1710	31	3399
1330	1556	2862
3414	151	3484
5608	100	5447
2120	549	3119
2168	1777	4610
1675	2247	2270
4654	2101	1051
2844	1094	2003
3746	2699	2099
2354	2247	1488
4127	650	1702
4899	1000	2176
3509	2307	442
13	1568	3037
3177	474	5392
1910	1565	1377
509	157	4021
5179	92	1472
2651	285	604
1509	1716	4870
1112	2120	3177
1674	286	1710
2072	1900	3813
4864	1978	4100
5444	1536	2133
91	368	5399
4757	2615	2995
1165	1126	612
4032	715	3682
2500	2664	2168
4636	2470	4663
463	519	1061
5444	2424	3962
2113	2247	998
354	140	4929
170	1287	3949
1326	1078	2045
1330	2222	3117
1674	685	295
193	715	3889
1377	1542	3893
1674	2508	2243
4757	2262	181
2505	1021	4397
2969	1260	4445
1330	2238	3095
1149	1065	1718
5638	1554	4684
3746	2256	5073
804	942	4075
3123	1418	552
3425	1075	2036
974	2457	1571
5404	264	4412
2120	952	5505
2380	715	154
4654	833	388
5169	551	4380
1377	2223	3554
3085	1726	3761
1535	2772	2280
1377	2128	2415
1330	18	4909
1600	1639	1242
1760	1277	5147
4654	2271	5333
3401	425	443
1377	2822	1596
2979	2470	3572
1330	501	5328
3265	1179	338
3640	2699	1107
3746	2504	5456
2312	2338	815
125	321	3757
930	423	3794
3857	226	3586
4757	2426	69
3414	2699	2131
2373	1106	3487
2933	2569	2627
3276	1410	3839
4899	1278	1137
1525	369	4732
569	1127	903
2072	22	2277
1814	162	3974
4698	2246	5033
2851	2285	4892
5243	2218	1063
1499	323	1664
1377	2499	2656
572	2247	4326
4572	1628	2321
4127	2353	4106
1814	1046	132
4654	1978	5034
5060	1864	2445
1377	1581	1190
3476	860	178
2604	2521	5361
4616	93	2688
4899	2423	1935
961	954	4573
3377	2311	3400
4654	652	3335
3901	1113	1497
1203	1651	4328
2120	1939	1762
4654	757	1595
3346	1643	5434
2224	2757	3617
3334	952	4938
773	1244	4284
969	1688	2907
193	1845	4939
2933	1116	1407
2979	1626	4967
4127	395	3581
3014	1791	4199
4698	440	3111
1674	296	2033
353	896	2055
91	2070	1805
2072	121	207
3509	272	3100
4899	261	4693
2120	734	5020
3265	1868	4254
1330	1573	863
546	899	3885
3128	2562	4280
5057	1838	5424
3656	2398	137
1889	1763	2535
3969	2160	5054
2933	1230	5401
2072	503	1172
4757	397	5047
1674	2768	1336
1642	365	3426
1674	1887	3665
660	513	2168
843	2536	427
930	1806	5151
4996	1208	687
4127	474	25
4127	2621	5629
3501	1537	3866
3334	1569	3079
5561	1460	1273
1249	2247	1047
1377	2052	3696
170	2247	223
170	2095	1441
3128	2769	2474
2087	378	3900
4794	146	4004
3562	2367	4615
4654	863	4496
5444	2275	1539
5181	2414	678
2072	2504	4612
1385	2263	4654
1278	1137	5133
5638	1155	2115
394	2449	5378
3857	1901	4307
3053	2646	4467
2247	2699	463
3746	93	4158
3571	491	1845
3024	1063	4500
4654	574	2543
1377	1318	1779
398	906	5143
3931	1832	526
1033	1867	151
5511	1606	253
932	1351	648
4899	808	1590
1345	2288	2077
1674	1966	5235
1592	1045	64
3257	366	2192
2003	2094	2871
5295	2440	4864
2446	521	2664
1377	1278	1489
4282	301	2464
170	2610	385
4917	1474	2142
1598	2247	530
3843	1544	5355
3616	1974	3928
3181	1134	2357
1330	330	4423
354	2247	1204
1756	1637	1254
939	1823	5557
3128	1262	4777
4945	1053	3639
1948	120	138
4660	2470	5508
2072	94	1701
4232	1444	3293
4572	1204	608
5179	390	4976
3746	2633	2769
4757	1431	1881
3461	1975	4899
1381	2607	4395
3334	2226	1083
125	2247	1011
487	926	1064
1377	1011	4645
1330	2402	1481
3103	2123	5555
773	2248	4878
4576	1877	909
354	272	2139
2224	1308	289
472	1641	3812
4945	1395	1837
574	1777	5389
2591	1377	1606
5179	1941	2060
4719	285	1301
4899	2515	5095
317	2542	464
4817	2454	3598
4803	2565	5647
3149	1569	193
3334	2101	160
5532	2247	5255
1064	1048	853
939	2247	2032
4032	597	3361
2120	104	2588
238	2562	721
4117	2120	2072
4899	1498	3240
5611	1544	16
4698	2247	4651
3462	952	4198
3657	2222	3920
5444	710	2525
1033	1257	432
2979	487	2659
5280	1218	3143
2003	35	1526
287	178	227
1377	1028	1111
158	1251	3897
1330	130	5075
1919	2100	3194
5484	1928	2168
4510	2222	1330
2120	283	577
2517	2682	481
3640	1398	5453
3632	1794	2872
4996	85	2817
4449	1191	2380
5424	2247	2362
1033	1611	1098
1674	2470	1412
1377	275	311
354	2355	4971
2933	2119	4361
5444	899	162
4794	974	4300
354	1948	4971
537	768	5504
939	326	3851
446	2375	1069
4899	804	3416
5555	1766	4986
1278	2111	1763
1674	887	209
125	2808	1387
4660	93	3063
4864	2750	3090
3931	1544	987
5248	2125	5204
3476	2225	2812
952	1114	2819
4559	2165	1875
3334	2222	2470
1033	366	1555
4654	574	1807
4864	1158	5221
354	2218	3161
4757	2222	5497
1033	715	5326
4001	1706	2515
4864	1593	4609
2823	1232	3466
1377	1422	4201
1398	2471	2159
1377	777	4886
4654	863	1042
2072	595	3191
1642	2364	2480
394	1858	1033
1330	2023	5099
4654	2316	3082
939	2322	3859
2595	359	5361
1370	715	3241
3542	1224	1674
3746	591	2708
5358	2247	1814
1814	2247	3394
3746	2405	1879
193	1120	5111
2655	1859	1052
3746	2503	4910
4009	2819	1971
932	1171	1379
430	1878	2189
2072	1106	5382
5408	1000	3875
509	1751	4656
3334	2771	3094
3128	2099	387
5611	2573	547
301	1063	3692
5179	1735	3767
4899	201	2513
917	484	5572
3656	2470	1672
354	304	1210
2168	2505	767
1203	1675	3969
3128	1091	1832
2168	503	4701
4899	1208	1853
3784	1116	1203
1377	2094	5296
3843	2481	1093
2697	2516	217
736	897	913
2332	1555	356
4654	574	729
5403	2329	3056
2933	2672	2487
2933	1931	3981
4642	114	3232
5325	613	952
5117	1936	4757
4654	2284	2422
4232	220	5637
716	366	3023
2003	1978	3591
193	1696	2584
1330	2734	1392
1330	802	3614
2168	2599	4721
4899	2747	70
3128	1470	4266
4127	2247	3724
2979	1060	632
356	669	4503
2725	293	1203
2168	1374	5523
2120	2661	4377
356	2079	5354
2933	1209	832
4483	2247	1814
4817	2284	4409
4803	2039	2529
354	2222	1572
1278	2247	613
3128	337	4053
1473	2288	4172
993	1299	1001
969	2222	693
125	2699	4639
1370	2553	4689
1377	1343	4209
4899	907	4333
5444	55	1833
1674	2052	2703
2107	433	1473
1314	684	5592
1535	2120	3856
4899	2780	1558
5179	439	5217
4757	2094	4466
2354	320	584
1377	2623	2468
2933	920	581
1117	910	2288
5444	778	5282
2168	1087	5411
5444	2584	1545
5369	2807	4762
1875	1490	2679
4001	2711	5590
4851	313	2258
2072	457	163
463	2470	1255
2120	2258	764
170	645	2996
1377	1000	3359
2416	157	3098
4899	2066	590
1259	1523	2831
1033	668	4641
4757	2247	562
263	2699	2397
1206	2579	2933
2003	1292	4090
2072	240	3518
2072	46	1956
4757	1545	1516
5444	1079	1731
546	608	2112
2591	1279	1012
4616	1278	3827
4654	574	3845
3010	530	1377
4654	1320	1002
4872	1827	1714
546	2745	4065
930	1988	2677
574	32	5088
4661	2247	1814
463	27	2704
5101	1394	525
3576	1463	5422
4078	954	3784
4654	1577	958
2072	1972	4108
170	1089	4360
2120	2108	196
930	503	4730
2933	2708	2742
2920	929	5081
5101	1104	510
2816	2247	4190
549	2278	750
706	270	3780
1330	2360	5042
91	1359	3081
4654	574	2497
356	1061	4975
2933	2504	1506
1674	816	1039
930	2595	3643
1345	645	4714
264	1971	2483
2120	765	1338
4945	282	3365
91	1894	4528
5384	2103	2222
5152	445	1946
3558	105	1161
930	175	5605
4616	1939	4491
1064	2247	3213
1760	1202	148
4654	2108	2689
4801	2181	895
4868	1702	1281
4794	1147	508
118	2470	2122
4559	450	3501
4899	1159	1038
1661	1814	543
5481	141	3355
1875	2470	2550
1377	2184	3910
745	2511	323
4857	520	572
2771	1719	5227
1330	1950	5010
3706	119	1618
1583	944	5491
1370	213	143
3334	672	1395
193	2218	14
2979	1730	5124
1674	1129	1691
569	626	335
930	2222	415
930	2485	2894
3334	2102	3725
2592	1339	1037
354	2218	5397
4691	652	982
2339	2638	1781
84	1745	463
356	2247	2272
1203	659	473
2851	670	1629
2168	1972	4545
3749	2339	5555
896	2386	2168
1377	2052	3115
4642	114	2531
4746	952	1330
1814	2247	919
4899	2723	5013
4899	366	2335
4654	1148	2183
3159	1241	5314
1377	1532	3883
932	86	1615
3334	146	4564
4418	448	2761
4996	40	3790
964	2232	3145
952	395	2623
3284	2218	5239
4698	587	1706
1330	2337	4205
1987	2078	5342
2168	1828	2987
2003	1420	3636
2942	335	2715
3746	2294	3291
1330	2011	4304
2933	292	1846
1033	1197	986
4864	1172	3460
3501	377	4253
4549	2609	504
3462	1952	1032
2986	2309	3662
2003	838	3692
4819	2210	5393
4868	2534	1602
3159	1894	5287
53	988	3278
4346	1670	2663
3159	2757	2400
4698	2516	4202
939	1652	3864
3276	2421	727
4899	1159	2038
1674	1777	4696
5444	2056	1446
4654	2298	3172
2816	153	4195
964	763	1435
3982	73	5444
1674	1312	4157
3177	1777	5137
4743	1972	4137
1033	321	822
5117	2270	2787
2615	548	655
463	293	2292
5403	1193	3715
4899	1489	4060
1330	935	4146
4161	1300	1169
3414	485	4018
4199	989	5576
932	2275	3482
3742	2481	950
1330	2433	1100
3897	1424	4995
1878	1339	2417
5179	1848	733
3295	1326	4098
3900	1363	3310
3746	2504	5562
3425	779	1439
5315	1956	566
5301	1262	2017
125	2247	5509
5608	125	412
4899	503	2560
2120	1139	5259
2979	921	4120
3746	2623	4824
939	1587	3147
1377	2594	4200
5309	2457	1291
3173	1922	4725
463	1251	854
91	85	5164
3334	1403	3322
4660	1997	127
3713	581	1117
4127	1000	3245
4486	1786	3601
2933	1201	2916
3053	2189	1191
3476	731	2425
4660	590	573
3977	184	2317
3897	2218	4014
4654	574	3202
1904	1162	4416
463	166	3777
1279	114	2792
3414	1621	4113
4572	945	3073
356	1521	2929
3265	124	947
5437	909	5230
2888	1801	4288
967	1000	2626
4743	146	2188
4660	339	2412
3616	2511	36
939	1308	371
4127	2517	300
2072	2052	819
1330	722	2183
3222	473	1330
5316	1930	2033
5583	150	545
4126	2538	101
2146	2627	1117
92	2699	5093
2168	1767	2033
1370	1730	1414
732	2496	463
4945	1559	5210
1903	1653	3366
5179	160	3078
4654	2597	50
4996	1787	4388
2861	2247	3350
2980	966	3246
4001	2222	210
1370	1360	1554
5179	729	3603
969	2093	2260
1326	614	3505
930	2218	2374
1370	2699	3203
170	2247	2557
2168	298	4017
3258	451	3032
3414	667	3791
170	127	3652
1674	822	776
1033	668	1187
2592	1302	3637
354	2492	4812
2354	899	3683
1674	592	2320
356	2218	374
1760	78	830
4009	1052	808
1377	854	5
3372	449	4312
1370	2000	235
1674	1208	213
170	467	5649
2933	1708	1231
1033	1046	881
1033	2363	2031
193	1543	2254
2072	2178	2726
1345	2222	3301
4572	2490	730
5403	299	1046
354	1327	4981
574	2523	4094
1675	2247	1444
3969	1721	5023
4476	353	3800
2120	2504	3936
1674	1667	2261
932	1709	2514
1711	1210	2686
2982	2501	3583
523	2247	4538
645	2094	1942
5267	1677	1124
2715	2675	1617
2082	1714	5241
1330	50	1643
1937	1106	1330
1674	1903	2870
3746	623	5540
5608	1592	2732
1370	2151	5460
1309	2247	1304
4418	2222	4766
193	214	3536
4794	2298	3822
1613	85	3259
4698	2588	1073
2317	1252	4950
1064	1653	2972
1676	23	1326
959	2440	4512
5375	1170	1235
4009	1632	3721
2933	2544	4166
539	1106	1151
2933	2622	664
5179	2470	3299
1674	1411	2860
2224	2218	2223
3657	380	5446
1064	602	4059
4899	1208	316
2933	2327	1247
2505	2218	2669
2483	1566	2909
4864	134	5618
4494	1986	2539
4899	2533	5385
356	2001	5082
5409	995	4341
451	2247	1814
2342	2077	3657
3783	1106	3017
2615	1166	5524
2082	349	3486
4996	2616	887
4494	1105	4342
5384	2699	2948
1330	2271	2765
1330	2568	1679
1033	1777	847
2224	2218	1213
2082	1763	3891
1377	2430	5043
1814	51	339
4996	2473	714
5611	723	2654
5376	953	2643
3028	922	2664
1765	1881	2338
969	834	3376
3128	1433	5376
3730	1761	1760
1330	1147	1669
682	633	5212
5638	149	3535
2905	1679	2933
1310	2216	5427
4698	2259	437
2317	972	4949
2933	2481	2650
2003	2622	1364
4698	2340	475
4660	1132	2481
1330	2392	1530
3900	414	1363
4654	1208	5333
546	2218	4357
3334	291	4580
546	1024	2962
4009	651	2498
421	1817	678
744	1982	2120
4996	1542	197
3746	2752	1252
3746	2639	3339
5269	2222	2095
1330	584	772
1314	2247	697
3159	393	2341
1330	2126	203
4531	1818	2172
773	2191	2951
5621	2218	2882
4127	2247	434
5444	534	422
4698	1314	2506
3334	579	5407
4317	2354	5179
4794	2162	4428
193	1421	3579
3476	332	1565
2462	1583	3320
574	2525	3229
4817	1207	2719
3825	1559	4261
4864	2700	4080
939	515	2923
4817	827	2484
2120	1252	5582
932	715	247
4996	1622	542
4698	1208	4306
2651	2168	3560
969	2579	2006
1345	1939	1264
4214	2247	326
4654	883	960
4654	575	2389
3931	2343	2998
2168	1000	1653
3265	154	1601
1509	2275	4159
930	2704	4186
3414	481	2561
1330	2765	1591
3817	429	3771
1033	2247	2230
1377	531	5090
1715	1203	1674
1674	734	5458
2505	633	3051
5179	1576	5428
1330	1037	2421
2345	1443	5174
1370	346	1076
4563	2773	715
2168	653	3957
815	93	2336
2339	1960	811
3382	1891	1309
354	2247	77
1326	1593	2781
3764	497	3057
5384	2247	2329
1377	2052	1243
1674	571	4703
2754	1588	1992
2766	827	4161
1674	2516	3924
2072	995	441
2851	2662	4008
3265	2029	2843
2717	761	5376
2168	2658	1260
2168	2623	529
753	2065	2755
1278	668	372
3479	2678	3408
2828	1214	2687
5101	1872	991
1330	652	1522
4945	480	3661
930	1264	892
1330	601	5302
1330	1711	2121
4899	2270	4807
5179	1167	329
170	1005	5577
4078	2157	3647
2003	2211	1727
682	2329	3559
263	2247	5488
2003	1892	3008
4899	1140	1285
2120	1632	5063
1265	503	1455
2638	2636	3929
5157	743	1560
3159	969	4543
3897	2222	5027
3128	493	3522
2120	142	4731
4633	366	3716
3476	2634	5040
2505	2509	2097
884	1340	1673
5439	18	4173
1330	1255	219
1330	2687	4682
1020	37	2867
2003	813	4399
2317	226	224
4009	716	2586
2690	2199	969
932	2223	1492
4089	2247	1814
3334	2223	1365
3128	1368	4658
969	996	4121
1330	939	5222
1458	1121	4411
2455	2531	945
1330	2743	1321
652	1921	3937
4899	2318	2117
1936	555	4400
356	2269	4880
2120	702	3577
549	756	2402
1674	1837	1546
1370	1106	1253
4235	1332	2473
3746	2707	2366
1370	2218	4484
1468	941	1138
939	1797	4534
2316	148	3414
3746	18	4916
2933	2512	3304
2675	2511	2019
1814	2091	2733
1674	698	2821
2651	487	3801
4899	995	1612
4698	2517	3059
2816	1821	1248
706	2247	3944
5384	394	3437
78	2753	5608
2354	749	874
930	689	2477
4055	2222	3173
2416	1532	5402
1377	2222	3711
2104	823	1117
2120	1000	1856
3414	260	4799
546	747	1511
4817	1106	1776
2979	1308	3898
5179	673	1821
3401	1046	1218
3265	358	1097
1760	28	425
1674	1909	1478
3897	1559	3271
2120	2329	3911
3265	813	5461
3400	1364	3675
4009	764	2646
4698	2593	2939
670	2697	3931
964	2684	3199
89	651	1377
4899	280	3553
125	2129	777
1710	478	3417
5179	2762	3609
5179	2222	5026
5025	1815	1811
1377	2470	2406
5608	1592	5305
1642	1696	3990
1330	414	2018
3512	1390	2626
1330	18	3252
2168	2422	5585
125	2247	1755
1203	2444	2822
4369	16	773
1858	1967	2033
1278	787	5135
1888	820	3546
5117	2470	5528
969	2818	1580
3978	1972	957
2933	2474	4196
1314	1435	5323
2309	1289	221
2082	1763	1974
3128	2013	4673
1370	966	3605
574	1646	1862
1033	2427	4833
4803	2674	3965
3306	2271	5329
546	195	3469
193	25	2774
4801	2704	895
2072	674	3274
4899	576	2512
1377	1614	3538
993	1241	4697
2120	395	3492
3632	2635	3480
5179	129	2494
4791	122	531
2339	503	1909
1377	487	4250
952	2275	142
4009	1569	559
125	2206	883
3746	413	292
1085	1456	1428
3961	2692	2514
549	191	3585
2816	244	3144
522	1401	5179
2851	325	3050
3344	1955	1377
3931	2699	1442
1377	2470	3124
3476	509	4239
193	190	4147
4817	1708	3899
3334	1758	3387
3656	1494	4139
3128	2152	980
1975	1245	2499
4694	2247	2355
4957	2037	365
3128	2575	1605
3900	1106	5445
2888	1000	2377
5179	516	4042
3414	1306	1882
959	2247	5076
2816	771	486
773	1469	4550
4654	2502	2837
4616	1620	2887
1377	1071	4316
1326	146	5311
2120	1252	2895
1377	2740	3688
1674	1153	3316
3334	1951	4779
5444	2142	3221
694	2247	831
4654	913	2442
1064	1328	2364
952	52	131
1377	2378	4402
5248	2562	4859
4899	2328	2513
2637	1660	1330
1033	979	4977
170	2092	4618
5179	2751	4315
1330	203	1988
5608	2580	5051
1674	2545	2575
13	1973	4169
4917	2284	2145
2979	2222	1998
4572	964	1182
4899	1292	1288
2286	527	567
1674	1493	4408
4899	2108	1802
2153	1913	1710
4899	1442	1558
969	2579	1725
2168	2252	393
1377	2794	5635
1033	2218	139
5153	2434	2003
4418	254	194
5409	1699	4095
360	1937	3016
4945	93	1912
1377	815	1337
5556	2618	4538
4899	718	4513
2721	694	2352
5179	1688	1139
1370	752	5473
969	604	637
4127	146	2878
3414	2300	5406
1278	2162	5580
5630	873	4996
1432	2127	5150
403	548	2358
4654	2503	868
1033	156	5298
5444	106	2999
2120	787	2908
4654	574	4982
228	2567	1033
1377	2284	270
1345	1544	2629
2851	1718	1677
1278	315	4151
2168	1106	5540
3746	1193	3886
2224	2406	3292
4572	1437	147
4642	114	1461
3414	2680	3033
2224	2663	2025
3250	2312	1330
3562	2574	3454
2120	74	4243
930	375	392
2933	1394	806
917	1972	1957
3128	1501	3667
1454	2183	1416
1377	2123	2820
4078	388	1694
4435	2247	2994
4757	246	1075
4694	85	3561
2082	952	2352
4654	400	2398
5179	1198	4370
2120	1560	17
2651	62	5286
464	2297	2257
4654	574	4942
4748	1455	4733
1330	1236	933
4996	146	378
2956	1337	3334
474	201	2120
2120	1434	5574
1029	532	1377
1310	2586	1389
2467	1335	464
1117	2470	2005
2083	2453	1278
5424	558	1772
3177	1500	3933
5173	1229	1642
193	2218	3368
4868	583	1090
4616	1544	3270
5544	2043	91
2980	1517	4822
5444	2133	2499
1345	652	5587
969	42	3772
706	2172	5134
1760	41	3294
5315	157	5396
3955	2304	380
3793	2801	1377
2224	2785	4115
4698	2425	452
939	720	4769
4817	2104	1861
1082	901	2074
1377	2699	5405
356	1965	3166
2082	1763	5096
1760	1449	2375
3177	1106	3684
4235	1430	88
1674	652	2703
2338	966	3919
1370	315	751
1278	1561	358
2168	110	1158
1377	1932	2216
5179	952	5029
1370	2218	621
1953	1914	3174
3137	1799	4864
1330	474	5374
1330	2084	173
4899	1840	1401
3632	2094	201
4868	1980	5240
1064	961	4509
1033	2781	3950
5375	1953	1044
2933	2474	3182
3334	1193	2488
354	48	4789
4418	1854	5466
5101	1142	513
1117	1033	1390
2168	1966	1375
459	1406	3159
4817	1479	1678
932	1044	2457
92	548	2739
2168	1	4417
3632	2271	3435
1903	880	4376
546	798	2950
1345	1094	1022
1377	2625	5036
5555	668	1922
92	1082	249
1064	2218	2684
4698	2018	4780
2933	397	1989
5083	1861	1760
4996	503	686
4996	2008	1626
1674	1009	3272
2120	169	5058
4702	1974	2850
170	2247	995
3491	1834	330
3830	2513	3589
5101	1080	2438
773	2094	3918
4817	2017	2848
5598	395	721
2792	2247	4818
4899	29	3347
4654	1420	5270
1377	1632	6
4817	263	4311
4572	1557	979
1644	1772	3509
170	1216	183
1064	2613	4134
2933	1000	52
3334	414	4954
1330	1476	4530
4935	2366	5179
4557	276	2082
1330	2405	4193
2168	2284	4143
3259	2419	2992
4654	574	1479
1377	878	4941
3746	585	3386
3128	1145	4074
91	1111	2035
1330	489	2328
354	2528	4971
3265	699	5118
1326	2247	4970
2773	606	2877
1330	2390	4574
345	2027	5542
1642	75	4268
3830	2364	397
1674	1775	4112
4373	853	55
3334	2534	4734
3278	2367	3019
5611	734	4783
4698	1508	1500
1330	302	3286
4577	2381	3800
5454	145	5169
2144	2273	4606
1370	1330	5140
1377	2548	3001
3476	2216	22
2317	2262	362
1710	114	4787
1202	2218	11
1674	2614	1824
3746	1632	4999
5002	28	964
1674	356	5492
2966	2247	2601
5101	1502	3550
1064	550	5132
1315	872	1991
3265	615	1531
4494	2265	4237
1033	2218	2128
2979	1427	2857
1330	2699	2071
4698	1248	2611
82	1020	528
3656	2778	4139
1330	2108	1750
3128	1296	1818
546	307	2112
2120	636	199
3795	1678	4624
964	2244	541
3746	805	98
5611	1596	5533
939	919	792
2532	1331	3897
2933	2158	2253
2072	1777	3913
170	2247	4223
1650	666	1377
4654	574	1482
1814	404	40
170	254	2304
2339	2720	1306
4660	2519	3902
930	1141	5339
4009	1532	650
5037	2517	2597
144	765	2546
232	2511	4359
3473	2699	4451
4743	1238	4930
1642	2218	4240
1064	2247	3566
2801	2309	2483
5179	2322	477
4494	1353	3717
5404	2081	849
939	644	860
2168	1394	4632
3217	2222	4007
5444	1404	3065
1632	1436	1040
4654	2516	1241
3128	860	1317
4002	185	2697
5179	1923	4613
4899	287	2701
4654	2076	2034
271	2177	3177
2416	2222	4695
3282	1698	4782
1631	1744	4957
4771	1352	356
2354	2247	1794
3966	1241	5551
3334	1309	3630
5179	548	3823
1674	2788	4703
1377	115	977
1064	2284	3718
1473	157	2482
2592	146	2039
3371	1710	507
964	1487	1804
238	787	4321
1033	1185	690
1875	2503	3634
1377	1414	94
4812	1347	1147
930	2060	3863
930	1096	3447
2933	2344	556
3656	1597	1813
2603	1231	2136
4654	2424	1647
930	2222	3731
3265	1756	4711
2224	475	674
4947	918	2168
1278	2589	4061
2120	503	5353
1674	487	4446
1330	2052	726
969	1076	2496
3159	93	3498
5409	2247	2493
4127	728	5281
1370	237	4834
193	1135	2653
1377	1174	4000
5404	428	3731
2405	102	2242
2120	769	5260
1330	528	2305
3334	2140	3775
3509	1162	2248
2003	366	1058
5179	807	41
5444	527	5254
682	2641	1670
4572	2577	1790
2120	768	5080
3414	1985	4591
2826	1969	4077
1509	940	4571
1377	1391	3311
1330	425	1841
1033	1551	3411
959	2247	865
2933	837	1680
2350	1251	3433
354	293	1770
932	2247	2282
297	1596	1675
4127	2773	3207
4563	552	133
5444	1591	1438
2979	487	4097
2120	2606	4678
2592	364	2210
1330	2433	3022
1203	2247	3237
2120	119	5008
2933	2703	4604
4793	2218	366
2113	2247	1859
2979	2757	1420
3448	626	1422
5611	2757	5567
930	941	1568
2933	2444	3086
4996	1464	3681
1377	1042	1130
4536	1158	354
959	2699	3047
4505	2135	193
1760	1344	2832
3177	1193	1168
3265	1615	2200
4868	2247	2830
4804	2451	627
2933	2243	1024
671	2578	3587
1370	266	2256
2933	1777	3183
4899	642	5591
3401	1763	1380
2851	1718	4481
4868	1173	5195
193	2783	3354
3128	2566	2865
5462	1974	2850
2933	89	2082
3501	2222	5457
1377	161	880
4572	806	5317
2072	2669	2896
4320	1824	1377
91	2247	2211
1858	603	770
4899	91	4840
1674	2409	1573
5444	2076	629
470	287	1929
3476	863	3666
3128	63	1979
4757	1842	4358
4616	146	5049
1535	2452	1686
3265	2815	3693
2103	2767	3475
1858	146	2572
1674	1903	4963
4770	288	186
1377	152	4522
5632	1603	1064
4996	2148	1102
2816	966	2459
3517	2257	1030
939	2247	1343
1345	64	1899
3458	2247	4538
3897	1594	2981
762	660	4817
572	632	1933
1377	110	609
164	1674	2980
1033	108	1721
1674	1777	1523
4616	341	2978
1330	688	1619
2933	548	4813
2179	2730	348
1345	273	2490
1411	1249	5065
1430	1497	356
356	503	602
4868	146	3030
5424	395	2609
1642	2649	2791
4899	261	2730
2961	2031	3177
91	1111	4904
2303	2755	4394
2168	1759	2124
3746	1873	3836
356	548	748
1356	2699	2365
3334	856	233
549	1715	4802
1064	293	341
4899	2644	2756
652	580	575
4694	2686	3736
930	542	5250
3632	2361	4674
3994	1116	1911
1033	2247	4800
3159	1256	599
2168	705	4984
1674	2387	5601
574	2271	5364
773	2744	4234
1326	2460	3300
1398	336	90
3278	17	1921
1730	1785	3638
1458	827	4264
2933	1657	47
3064	2247	1126
2224	2676	3872
2120	498	1635
2941	1800	4654
930	1035	2182
4623	803	4903
4576	487	4187
3590	2213	636
1377	664	1761
2082	1477	2486
1330	2088	1155
3212	91	2168
3220	2222	2773
1117	1033	4091
2041	2635	4747
3084	363	2168
5375	1544	5145
4572	543	610
952	643	1198
2510	2474	1682
5444	2470	4735
4127	2481	1681
969	22	3555
2354	2796	1087
5611	2044	4215
3931	600	352
193	1966	1181
530	2781	4515
4899	2378	2158
3501	2503	3485
3455	1064	3120
2082	1763	198
193	1392	2777
1033	1308	2763
170	652	1369
2462	1966	2587
4351	704	3876
1674	474	4154
193	93	3104
5191	98	1783
1377	686	758
3128	1912	1973
1303	571	2846
3131	1394	2120
4127	942	2647
2483	2699	1025
4660	2240	2970
2933	177	3499
4654	2704	1026
3746	1544	2385
4001	923	5485
4127	192	3952
4654	1278	3155
1078	371	1121
4743	2710	3847
1326	464	2063
3265	28	5367
5125	1649	5162
4218	323	1064
3476	279	2226
4957	2222	920
3414	503	222
4654	574	876
2505	697	5306
1033	2235	3184
959	1559	3049
1330	2820	5312
546	2247	2386
546	1957	2740
193	548	4866
773	988	3195
1674	1559	1769
3128	1143	2566
2120	1234	3660
1377	443	2576
130	503	4737
2596	93	595
4917	2218	5175
4418	1439	4406
2120	2002	4421
4319	2719	193
1033	876	1968
538	2699	1540
2072	2326	2461
1642	2196	83
125	1208	5624
3576	1999	1099
1377	43	905
3783	1601	3943
1377	2481	2444
2851	2517	2580
1515	943	3177
4009	32	3524
2980	93	536
4899	2677	1209
2354	93	536
2933	1407	3352
1330	1383	1914
885	740	193
1330	1094	5244
4868	2463	246
4654	198	3967
1326	422	5501
4694	548	765
3532	527	3754
3821	2485	5628
554	1776	5610
413	1063	600
1760	2222	3991
5331	2348	1451
932	1111	5593
3576	2616	2264
3621	56	1760
3784	504	2538
1377	1727	340
2120	2474	4246
4552	954	3784
1674	1180	368
4917	924	1735
1895	1321	2773
4364	431	2664
5384	1481	3437
1706	393	4808
725	2693	969
2933	2761	2696
4839	1903	5606
1814	2247	3227
1353	1036	1202
4917	2247	5554
2003	503	3973
1123	2365	2003
193	706	501
2168	2236	1307
1674	1842	963
3900	387	1662
4843	2411	1377
1634	323	4698
1296	903	3035
3053	1906	3210
4654	1731	5218
2120	1929	3058
1128	503	4677
1350	1851	356
4654	574	3602
1377	1384	1654
3746	146	2466
2592	364	1219
3125	1915	91
952	676	1470
5417	1795	30
1377	1498	5646
2168	2215	2276
2082	1495	284
4009	1777	2134
2933	1777	2958
917	2298	2504
170	1361	5577
3501	2135	1474
4899	2002	829
4654	574	1864
2168	2784	1981
2120	1664	3641
1377	567	3211
1370	234	4314
2697	2699	5503
630	2201	4140
773	308	1559
3132	2362	4259
3177	814	363
2120	1000	1406
1330	1711	498
408	665	4956
356	2125	2163
91	2123	656
4572	206	1684
92	453	5573
193	487	5477
2113	2247	4216
3306	626	429
3159	2562	2
2003	1840	4583
4494	2712	491
2933	2559	3903
3656	877	1094
4127	1559	361
3128	2544	4281
1377	781	2802
2980	2293	72
3334	2746	2262
4001	2247	5207
3128	2449	2347
3334	1399	231
1330	1152	3705
4497	403	2338
4572	556	4228
4206	1117	1869
2816	2699	1342
5444	1907	86
722	1916	1250
356	1594	2968
5444	1347	1575
1033	1692	3379
4654	1051	10
4749	1689	193
2816	668	1313
354	321	1057
1377	1026	3251
1737	533	3656
2120	1839	34
1330	2742	1131
661	2749	4626
4868	354	4213
2651	2587	3954
2628	1482	1267
5444	2253	1593
3897	583	4650
5611	2222	1744
4654	747	1166
4469	397	471
5384	2218	2585
4127	728	5372
4001	2374	4806
1377	1188	3381
1674	1650	4318
3128	2270	3043
2003	14	737
1814	959	100
524	2546	4757
4078	2732	966
2082	1763	2001
3250	278	499
4633	1987	1263
3334	110	3576
206	2699	463
4698	1584	5120
4698	2166	4338
2120	2116	4849
2072	2222	4382
3897	825	4685
2120	1519	4856
3476	2154	4960
2120	862	260
3517	1939	2573
2082	1763	4424
2718	1367	2734
2168	1777	5229
1330	1654	106
4654	2503	1716
3900	2218	2409
932	503	4453
4279	2144	5216
1760	2222	739
5403	299	1567
3830	2596	1734
3900	2470	2213
2072	2356	2333
1674	2516	3080
1329	881	5179
2072	395	243
574	2002	1688
5101	144	3331
1377	302	2874
812	1653	788
4964	1299	2339
5444	2709	5178
170	110	5359
2592	1803	3442
2354	525	1349
2072	2485	3758
356	715	1050
4654	158	1125
252	897	3829
4654	574	4876
1377	2094	2673
1791	1890	4494
125	2330	428
3128	2604	3691
1345	2247	4092
1377	2284	2667
716	539	3987
1298	1251	5320
5361	668	4405
3476	1439	1463
4572	745	5232
2168	29	856
403	594	3438
2655	2247	1153
2842	80	3334
1117	2470	1901
5482	719	4757
3528	1168	327
2120	2247	4156
1203	196	4913
3414	1444	1007
3179	2315	495
3177	2458	1154
3680	2738	2514
252	2030	4838
4694	1440	4129
4915	488	2120
2460	2247	4647
1315	111	2293
4743	1319	1871
5444	201	3038
2168	780	4038
969	2247	2600
3177	1389	4768
411	1595	2206
2168	843	2326
4817	146	3
1064	208	3998
773	2222	1950
2675	1974	688
5408	302	3875
2120	1156	1646
430	2474	1008
2380	2304	3626
1760	2637	2540
1674	360	343
549	215	3189
1996	1000	1033
4817	2470	3622
2168	2587	723
408	1284	1524
1875	2329	4344
3664	1559	3153
2603	677	1
1278	828	3984
2710	919	2752
4692	1698	4573
4437	2410	969
3830	1850	3201
5444	2470	110
1033	955	2906
4572	735	835
3177	1144	314
1149	1573	1028
3897	1605	2841
1377	727	1056
4899	2200	3580
1858	1159	2616
633	2208	3509
2743	801	2120
1167	1129	269
5117	2804	1189
3746	1564	4795
170	2218	5190
307	648	4926
952	787	3723
4996	836	1286
3676	1908	1330
3783	2470	1319
1477	1219	5155
2816	379	2523
4563	2281	4713
4576	2699	2297
4088	1443	608
5424	1609	1576
2709	2329	3513
3746	18	3677
172	1483	2735
930	2218	112
2003	2112	2640
3900	2377	1136
3159	679	5103
5516	1925	1963
1674	2094	4244
1674	1777	2645
2933	1777	1327
4794	2002	535
1203	1924	1163
1064	1763	4969
4654	574	4667
2811	1267	4957
1033	157	4021
4715	1228	2324
4691	1333	2186
4698	2694	756
2120	2699	2985
930	2218	4722
964	298	2160
2072	2086	4203
5179	2227	3489
2354	2704	738
4001	1525	3564
2224	2247	1104
3053	736	2311
1033	2218	4894
1314	2704	3092
1330	1284	230
5248	954	252
3200	825	5522
544	250	3897
1033	1084	782
4230	1023	1502
706	225	337
4694	146	2164
354	2470	1597
3074	1217	3414
3128	2699	195
2224	1449	796
4957	1897	2331
5409	2284	182
1315	1496	3649
152	1851	1053
2120	952	1270
1370	1524	2691
1377	2216	2137
2606	902	2082
263	1748	1614
4945	880	4148
1674	235	2033
5444	30	1452
1278	2222	1283
2816	970	1969
2591	2775	5357
3177	2222	3404
572	2415	3511
3843	1876	1115
1345	655	3595
4899	2094	4297
4208	1736	3654
2372	331	4312
2933	2455	1045
5179	2547	4979
812	2312	1133
2856	1698	2583
3265	1245	3763
3053	2218	1532
4732	1768	4072
928	893	3414
2168	1728	4242
964	366	3768
497	224	4085
2592	2085	2602
1674	44	5347
4899	1777	3188
4572	1375	4180
736	2548	5112
193	1819	3314
1203	2689	5011
2120	116	2004
932	2470	1789
1330	1903	781
3900	2095	435
2168	399	2567
497	1405	3520
3746	2548	3465
1033	1668	603
1377	1320	3106
1674	2038	1924
1330	1903	373
4899	1840	3192
4743	2298	3776
193	2470	5584
1658	2781	1254
4899	2400	4301
1033	1733	1985
1330	938	772
2120	2222	1015
4455	326	3509
449	928	1896
5375	2780	5285
1197	2048	597
5444	1106	370
1377	2312	1891
3746	2721	5327
1039	376	1674
4873	366	5200
3128	2367	3118
394	2516	944
3085	2222	1034
3128	1942	585
1167	344	1198
1330	201	4566
4649	647	1370
4757	784	2881
4161	104	4249
2391	2516	5537
2483	342	56
1377	1939	4957
4996	2222	2079
932	1106	4796
1655	1540	4404
193	1106	1563
1330	1037	141
5608	2247	4546
3265	2779	4922
3746	2667	3281
3897	1798	4995
2120	395	2751
2933	925	4096
2224	1658	975
1674	1742	2178
1377	2699	2736
4903	572	4790
3265	610	3590
5169	2704	2138
3414	1772	1157
1033	586	5015
939	1966	1534
1674	992	379
952	503	4163
3128	2368	4751
1377	2033	1408
3720	2498	5251
356	2247	2666
3708	1705	4001
169	24	626
1674	2735	1746
3159	2781	1705
4127	1218	2720
2380	2247	4124
2622	2637	5256
1033	71	3140
1175	1506	3953
2921	653	5179
1710	2699	4064
4996	1106	619
2003	1313	4049
2003	2267	2971
1033	2191	406
4681	2579	1611
1875	1794	1745
125	45	2471
3265	2094	5085
4899	1730	2904
3897	93	683
546	2218	666
5444	2156	1842
1033	715	436
4868	1413	2414
2354	2218	2294
4817	2020	2395
1674	1856	3385
682	2535	809
2231	1001	411
3334	2470	752
2697	1942	3156
1639	1530	1674
1330	2222	818
1278	2470	2516
4654	2216	4852
1278	2247	2893
1129	2699	2120
1674	1840	3477
1858	2271	2429
3657	2678	5613
4576	2504	2064
2851	1718	1144
3742	1869	4608
4899	2212	2798
2072	1373	2367
1377	1954	3633
1033	1692	3296
4899	2554	1148
2072	1041	5001
1330	1037	1820
572	33	1010
2072	1783	5130
3746	146	4951
3177	2222	2033
5444	485	2999
170	1106	839
1033	898	1514
4899	2222	2670
4868	2470	3655
5403	1116	773
170	1958	426
2082	2247	3235
2933	689	1905
3706	2619	2348
193	1572	3069
4996	2094	3164
2980	1269	3756
964	1855	931
4001	2247	4570
1473	1719	5227
3334	2222	4197
4772	986	3783
1117	1050	4865
5611	738	1108
2933	2474	1004
1033	2247	2325
170	474	1013
354	985	1624
773	2474	1228
2851	465	3659
1330	1903	4767
3265	358	1393
4851	1791	485
959	1099	2528
2120	1107	3868
773	2486	904
3278	2218	1609
2132	1408	2301
1278	948	3904
4899	937	3547
1177	306	212
1320	671	193
1674	652	113
403	1106	2936
1983	2144	3143
1817	1371	1603
4001	2218	5616
193	2218	4290
4235	2397	631
5424	1978	1782
4126	2538	1132
2553	2247	1814
1562	2274	2664
3334	18	2232
1685	960	3900
4348	1974	2850
4864	2050	3750
1464	1211	1377
4274	1067	4350
2593	302	2072
1674	2557	1120
964	1712	5053
1674	522	113
700	1348	354
2022	1051	4561
2120	2329	2184
93	438	3177
4654	2095	3190
2933	1541	3242
4899	1055	3002
4691	2654	1854
932	1904	5123
1041	658	2085
3177	2290	1251
1326	790	3670
2979	2564	3157
3720	2562	891
3746	2094	3343
479	1387	4078
1370	1243	4689
1585	1007	2980
1330	1085	954
546	668	15
463	2247	1581
4996	2222	4627
1033	2100	5565
2317	967	1538
4817	474	3196
1278	548	4149
2120	2470	2299
193	2797	3752
1760	1290	431
993	2516	349
1377	163	438
3128	2187	5158
1330	2022	3020
2990	1289	175
5361	1106	2692
468	1252	924
859	1625	3664
2120	2222	5510
4794	2247	4468
939	2247	4657
1674	2052	4152
1377	2222	1043
3746	2260	5594
2610	2181	2051
3476	2222	4236
4602	2305	2168
2106	2028	5243
930	2272	2626
1377	796	4596
3656	706	5247
5611	1037	2657
5444	1438	104
4899	1444	2020
5539	671	4660
2505	1669	5238
468	2514	2428
1118	2480	2514
1377	734	95
136	1025	1117
2113	168	1860
4694	1105	3879
2224	706	4131
2082	285	1233
1738	350	4893
932	2470	563
356	527	4265
2603	2602	2793
3593	77	2979
3513	289	3740
1064	1902	1700
4899	2242	2346
1330	553	4454
4899	477	1732
4415	2737	4494
2933	1653	3502
1819	1358	2043
1033	93	4525
4817	11	3739
813	430	2405
4868	1981	4073
4996	201	3168
4899	1343	2334
4743	1577	2838
5650	2816	356
843	2313	345
4270	2328	4262
2120	2548	4760
574	2222	3828
4494	1105	879
574	436	2753
4111	2520	2980
1377	2668	3841
1377	2376	2143
2120	395	741
4655	1840	1330
2416	2247	4118
91	321	5416
3576	1730	5558
1330	1264	296
3897	2247	1205
1509	810	2081
2626	2481	424
2120	1804	1288
206	860	463
5117	950	3627
4698	1130	3431
5179	619	4144
1330	1833	5495
4003	1357	1256
354	13	3704
4899	1303	1049
2120	1573	2889
3177	2698	5198
2354	825	2433
1330	2401	401
3159	2291	331
4480	1305	4336
4126	2247	2413
5273	1939	3250
2168	2412	5249
773	1849	4034
1330	2013	5244
5121	2489	5515
3334	440	2033
2980	2014	3760
1033	2218	447
4899	611	3311
2505	635	1589
4032	199	4920
3476	1102	3818
2003	1517	5414
4603	38	2943
354	427	2973
2933	2094	601
1674	103	836
4868	28	511
4603	90	3275
930	1308	3995
930	2469	1418
4996	1280	1930
4299	793	3969
1674	2503	2559
3746	2491	4440
2179	1001	3434
1858	734	4058
1330	2441	568
3334	2110	996
4899	1544	5044
1033	2218	4363
4996	2284	2046
3931	1945	5219
356	2247	3287
3177	2341	5171
1377	2115	2451
3931	1863	1331
2816	2045	5094
815	2247	2066
4757	1509	3490
3746	1643	570
1370	1130	5622
3844	28	593
3916	183	3414
3173	2562	2313
1176	2510	773
1314	1939	4901
1549	544	5420
4063	2444	4582
1242	2034	2157
2120	228	2738
1571	251	1236
3576	2470	234
275	952	2592
5555	2247	1751
4899	844	797
193	2009	4809
1361	2666	5055
2933	2483	834
4174	1532	2074
1642	1782	2863
1674	1707	1113
4817	263	5017
964	476	3238
5179	1106	455
3128	21	844
3224	760	1904
1377	398	3456
969	503	3402
3307	405	4643
155	2357	964
4957	2470	1421
4178	2109	321
930	2678	4671
3657	795	1838
1875	1723	410
716	1122	2054
1892	1844	2483
4917	1939	710
652	146	2800
4694	2124	2620
4899	2026	4439
5549	2780	2168
1936	2403	1982
1796	1655	3378
4945	957	654
2072	1092	3743
394	527	1931
969	2712	800
2072	1599	2544
4864	287	2784
1064	2007	1551
3515	684	3177
4616	2271	827
4917	2706	4599
3501	2202	4456
2082	1763	1932
272	2420	3509
5444	254	1529
1278	2218	3770
356	2247	768
790	1279	5028
2168	629	3543
4654	2271	4255
2224	503	1959
3177	1599	2181
3900	2090	1513
2380	644	1886
3746	2647	3303
193	668	2635
716	2474	2782
4576	1000	3895
1033	326	2577
4054	1681	4020
4899	456	708
4743	164	5360
5375	1632	5425
2797	980	3476
3128	2795	5231
2380	1246	433
5444	201	1648
2120	2699	2009
2933	2699	3263
1330	2199	1541
4654	1769	872
5403	261	115
4748	485	2469
1674	2383	851
1330	766	4544
699	827	4493
1330	2301	955
1661	2073	3054
949	376	1674
5555	2724	4832
2120	2222	2854
2933	2442	180
2933	2222	1308
1020	626	1504
3113	616	2626
766	2048	4099
1660	2323	3948
2354	2218	1214
125	1106	1759
932	321	2465
1607	2346	1858
2979	2699	3318
2933	2713	5142
2003	1632	2278
2168	85	59
4868	2289	4298
1858	1164	2931
4029	2223	4936
539	621	3914
1674	58	3947
3346	2739	1795
2980	2518	2614
964	2444	4547
2933	701	1917
2082	1763	3792
4757	1598	3345
5157	2511	4359
502	1268	2783
3576	1123	3323
783	1698	4001
2651	205	5489
4126	2691	3567
1674	729	5525
3513	366	5086
1117	2432	3887
3265	217	2084
4654	2516	2492
3746	2150	2886
692	1730	2980
356	2522	5277
2120	1777	3007
354	2470	3765
1674	2707	1997
4868	1853	3588
3584	2489	5608
446	1417	1402
3334	1057	4006
1033	557	3330
2933	1272	2379
4868	91	149
32	828	3897
3596	87	1377
2120	2391	1666
1674	2474	564
1377	857	1484
3858	488	3500
3468	2367	4700
4660	827	5293
1064	1634	642
2979	2247	1135
4654	574	658
3576	447	4567
5246	1968	1377
2120	84	1729
2873	1568	4457
2651	247	4384
19	1703	117
5375	2786	4035
5404	2247	1436
33	136	4654
5352	953	2405
3173	1205	218
4494	421	4103
4757	1488	3031
3843	1690	848
2416	1765	3451
2980	536	3443
2120	2611	3060
2120	2222	4433
4348	2511	4862
232	1974	2850
4001	1291	3514
2592	1380	4365
2965	2435	2579
4351	811	2463
3414	170	2984
964	954	580
1952	1351	1636
4765	366	1777
125	2218	3415
1858	1631	1893
4817	1607	517
3476	2108	994
5444	1090	4443
3177	146	4
1972	302	5346
4918	823	1582
932	715	3504
46	916	2405
5179	1573	4805
3746	426	4485
3501	2412	4593
2933	888	1215
5403	2149	5038
4868	2046	2434
2380	715	1835
1993	1159	4654
3746	2504	99
4616	1378	2534
5384	1543	3976
2655	1616	3578
939	395	4048
4757	2322	2013
3746	1643	3029
4899	2504	940
2103	1257	1728
1875	1777	4123
2816	375	4378
5117	1763	4757
3706	2027	3779
4760	2106	2384
546	715	691
5180	109	4279
4873	1412	911
1203	196	27
91	1376	51
3334	2094	1373
3746	2699	1447
354	2437	4971
170	1567	4322
3464	2279	929
1814	2249	1238
4660	1651	3223
4842	290	4914
1064	1773	3436
3045	954	3278
736	2685	261
969	366	1372
3414	1379	4652
546	1784	273
3128	2228	2165
1330	1144	1230
572	1862	1749
1889	309	704
4126	1106	852
4572	2800	2175
1377	486	1505
4899	2470	4164
3250	278	1574
3700	2105	939
964	2232	3199
2419	1112	2339
5444	2699	310
1674	218	1638
4899	1917	816
3931	521	2542
2120	1051	696
5349	2247	1814
4654	146	1164
2120	395	4366
5380	359	2380
3414	170	759
5237	1465	4957
5228	2247	3529
58	1184	3843
1345	1576	1119
1377	2637	5319
2120	2399	3341
1023	2444	5403
828	268	1571
4572	954	2864
1674	956	4980
4032	1829	2533
3018	1573	1162
1885	165	2044
2003	2364	262
3900	1940	895
1314	1905	4383
4232	2467	5341
5384	1553	391
4126	2247	3091
3931	972	4742
3476	2704	215
1377	1578	4897
1814	1110	3197
2933	216	4025
939	1778	704
2082	1763	3539
1377	1654	5187
4211	2202	3391
1642	2699	5274
4572	25	2927
964	2136	979
2120	439	3507
2957	1031	3508
1809	1416	3400
1814	359	3470
2224	715	2207
91	2218	2897
678	1146	2033
2082	1700	988
1642	2817	4736
952	2447	2167
91	715	1318
2194	1603	1091
4654	487	4669
5186	110	2317
5408	1770	5168
5444	2699	3332
1041	650	1237
969	2057	1062
3128	2376	899
1326	6	1171
2168	1355	2068
1041	1131	3678
539	323	4698
1370	1777	5534
3476	2222	5208
4899	1358	4162
3501	2203	3802
5444	2218	592
4494	2222	3646
4868	2470	4991
1674	2275	709
3897	2738	3321
1674	1106	1947
5563	2738	2980
3795	787	4613
356	894	5609
2933	2250	1849
2120	1638	786
3265	1559	588
4078	998	2680
2957	715	1019
356	2481	3046
2651	1072	4707
2933	1154	383
4868	302	5324
773	2774	5052
2437	714	4893
1330	212	757
1330	1544	3135
3097	2002	4893
3476	2222	598
1642	269	1493
3425	2270	923
917	146	12
3265	2218	1708
3501	2599	4347
26	1466	1480
4233	2539	3656
2224	2218	2923
661	1794	2671
170	118	1006
5115	391	2417
221	634	3445
3931	2458	1269
4572	1865	1276
4127	2247	3459
3053	1478	2788
1674	2803	3573
4792	1183	64
4899	1510	5448
2120	1546	1671
354	865	4971
1352	1869	1377
5469	2667	1377
1330	8	2901
3843	1876	1340
2072	1250	457
2933	2809	3109
193	1978	1656
288	2157	2452
193	1820	3249
2717	1136	1397
5444	2170	303
4001	750	2241
4899	1586	755
176	2247	1915
3476	255	3457
5621	941	4553
4616	1248	2475
3414	2806	4867
2168	110	4015
4917	1666	2767
91	85	2101
4010	57	1330
3265	2198	1616
4817	2504	5102
2933	545	4441
1303	1544	4175
5608	1195	4224
2933	2707	1742
3400	2003	4879
1345	2222	5390
3509	2222	1527
2120	1293	775
661	830	1599
939	1748	3881
4817	211	1293
2651	410	703
5316	2247	1884
3414	906	3108
1033	2382	3674
3632	485	482
3931	2651	2308
4009	1966	2140
4899	2748	4387
930	1717	267
3334	72	1586
5179	2769	5332
125	2054	1396
964	2524	3699
4654	1002	4385
5611	127	1173
3746	2470	1775
5179	1143	286
2003	350	663
2220	1792	5174
193	2574	5526
4141	1251	2082
574	2025	4763
1377	355	5502
2120	990	3003
2933	1262	1404
2120	2464	1729
263	2674	5292
2933	19	662
773	2572	1376
2168	791	5224
3746	684	2238
4899	1409	4011
1377	76	825
2849	646	5179
463	2207	4401
5611	119	4937
3562	1235	1000
964	1654	1834
1936	2282	123
722	972	1877
2431	1569	964
3128	869	5340
3980	882	5055
3784	1201	3167
193	2781	4194
5420	2319	2530
2120	1879	2251
3414	1601	2030
3334	2601	2369
4572	1095	1533
1993	1575	4037
1377	1570	3421
1674	952	4519
2980	28	3927
1823	2470	620
1994	1103	3737
2168	2271	1368
939	2699	673
5608	1793	3150
4572	2245	4031
5444	599	1986
2933	1316	2780
4046	2746	411
917	1049	324
2702	2811	649
3265	2270	240
1345	1826	4889
4576	2770	3351
4864	2247	5644
2933	411	5547
2168	1601	1346
3746	135	2648
3820	2470	2707
287	395	2047
4494	2247	5366
3860	1788	2823
3897	2333	1512
2168	189	845
356	2218	4554
1377	2222	3615
3830	2222	168
3128	1399	3298
1330	2404	5009
1887	1751	4001
3931	953	5275
4063	1719	5227
2072	1475	145
125	1726	1017
2503	988	826
2880	759	5583
4001	2484	857
4127	886	2349
4130	2408	2554
2505	2271	3305
3476	2094	5478
2072	2336	1939
1424	323	4864
4654	2222	1976
4199	717	1440
3015	2135	2728
5248	828	5415
1377	227	1405
3334	258	5438
1278	2071	2661
2933	2441	3544
2980	304	3770
1427	236	1674
7	1623	2564
952	2206	1857
1377	242	2890
652	1918	575
4698	858	3604
1615	468	932
1345	53	2818
1370	2551	4821
206	1903	463
574	2587	898
3414	366	4192
502	2699	1300
2003	310	4848
2651	414	2678
4899	568	4972
4654	574	189
3177	2699	2705
2113	2247	4968
4996	527	4881
932	1730	2555
4745	333	1994
3897	1701	1450
4616	1559	2729
2408	554	869
5121	138	3012
4396	2715	193
1117	2643	2551
5564	1896	2168
1370	786	3406
964	183	1275
3053	2680	386
4899	2590	1277
3128	1739	2847
4654	107	2827
2072	421	4668
1377	1657	2245
2120	1193	308
5035	2222	5493
1316	256	3449
4888	231	193
1315	1561	846
5608	1298	496
5608	1455	1174
2706	1350	2681
3664	2222	3525
1165	1106	1550
1674	1264	4381
5444	1490	2693
2933	2204	2028
1760	293	2454
661	1794	1960
1345	975	5468
2979	942	3788
5280	294	3805
766	2336	369
2649	2222	4161
2816	327	4774
1674	392	3277
4899	2482	3751
5269	2699	3349
5444	2324	3988
4189	622	929
2120	2456	3628
2224	1601	4911
2933	2384	4797
4494	18	4434
4576	2188	1095
125	966	4588
2933	2444	1962
3746	2612	1995
3621	2175	4279
4928	598	5403
5157	1974	2850
463	1365	5413
3831	357	722
1814	359	4490
682	414	3328
4572	809	4495
3476	1004	1417
3128	2781	5003
1242	1802	3946
5365	2494	3414
4996	1223	1930
3747	730	4899
3746	2095	779
2072	2049	3650
3900	25	2427
810	1869	4573
4418	1539	5620
812	1939	2090
4996	18	48
1706	44	4276
2651	2655	1261
546	252	5214
1377	503	4756
5444	2145	4260
2120	439	3087
87	285	3671
4899	2468	4825
1377	1961	823
1370	2359	922
1710	1552	111
2354	1561	3239
4691	1169	5543
3053	736	484
932	2699	962
1509	2781	4741
4698	47	306
1064	2247	5377
2244	262	2072
4945	1032	4987
4235	417	2390
5621	2247	2731
4996	2222	2315
4694	1513	4874
2072	302	3102
2082	2247	1649
2072	209	4511
2858	409	1033
5444	261	2197
5494	2699	3259
4563	455	57
3746	2376	548
497	864	2439
4616	2222	3101
546	2576	3826
1160	1480	4757
1674	1755	1495
5138	2247	3350
815	2705	890
1432	713	248
1710	2537	858
4698	1630	2502
3177	2222	1810
930	2640	277
2120	362	4628
1377	1063	4447
1326	6	1717
2072	39	4504
2795	1354	2168
3132	906	5005
2405	441	2285
4873	1059	4619
91	538	5182
4885	2247	1370
1278	638	1156
546	507	285
354	49	3429
1674	1562	1876
5361	157	2155
3085	2202	3273
1033	2699	4217
4351	2209	2218
4899	228	1866
3746	2765	4362
1033	282	4952
2816	2484	4356
5179	257	4740
4032	2224	1465
2120	841	5030
1330	485	4263
773	2108	2883
1370	1106	3797
3414	2247	5581
4063	1281	2227
4616	1830	926
3128	2485	2418
3576	432	2281
4232	1796	2370
939	2699	367
2003	941	2436
5206	1644	5316
5571	795	75
4732	1034	4750
3159	2218	2926
4903	687	1005
3746	2183	4337
4688	502	2354
4480	1813	24
1303	2247	787
2120	25	2050
3931	983	3208
2376	2745	91
1278	2067	2716
4001	119	5586
4864	346	2786
2224	715	2859
463	2347	2236
3706	1782	3834
3501	2202	2852
1377	298	5170
2168	492	124
4817	1666	1977
1033	1842	1652
3375	176	1344
2651	29	2762
3746	2603	2169
2933	1691	476
1330	1950	1288
129	782	4957
4654	2504	3923
4654	657	4540
3884	899	4676
930	68	1357
4899	1677	5490
503	821	1033
5444	488	312
1674	1903	62
2103	1370	1426
4576	2790	2161
5174	787	2652
3128	714	4912
2120	1020	4071
4654	1544	1967
345	1601	3971
2224	2247	4278
1330	729	1065
5179	1972	3575
2168	302	5194
109	717	4293
5444	2388	2631
1706	204	5394
4899	899	4594
4351	849	4275
2026	2137	5236
1033	958	4833
3282	1662	4782
3400	323	2947
5444	851	3516
716	1065	5503
4654	2699	946
3576	934	3141
1674	1617	1667
3265	2018	1630
1203	1884	2430
1674	1777	801
4794	2162	5623
5444	1771	5419
1674	2419	3075
3621	1110	2416
4492	2293	2823
4294	1275	2168
1314	605	907
4757	2284	4422
193	2218	3701
3334	2690	5599
3745	9	3334
2168	2222	488
4001	180	1723
1314	1723	734
125	204	1122
1674	2426	4783
3173	812	1641
4868	1294	4518
3334	18	4170
959	1589	5576
5555	668	1289
959	715	2806
1674	1633	2240
554	927	5436
1674	1177	3036
354	85	1608
2483	900	2318
964	2275	1103
125	2314	4595
3282	2113	4572
3746	2	4119
2933	1777	3986
91	656	743
1454	2247	278
91	368	5463
1330	899	5007
2339	146	4136
460	2530	2275
1278	2218	1836
1278	1400	689
3616	2247	1843
3931	2545	3122
4479	988	3177
356	724	643
4996	562	3105
193	311	2252
4899	1011	174
2003	596	4324
1674	110	3656
4418	1253	2758
4660	1008	2383
287	754	3214
2933	561	298
3414	785	3428
5248	343	3178
4654	574	4927
4654	1538	4145
125	2484	2191
695	479	2453
3128	2604	5555
1128	1993	2091
4126	668	1786
1760	2061	3618
3735	1698	3784
2933	67	489
1064	487	1287
5179	1065	5503
2354	2247	2295
4572	2247	5531
1314	253	4597
4839	1748	3392
2072	2504	2809
2120	1544	5355
549	1419	4845
3746	1838	4784
3746	1544	2070
4616	734	140
3746	2657	4485
4127	2470	4474
3656	668	2923
5106	2733	989
4868	2220	1720
1303	2247	807
1384	2247	815
3128	2036	539
1245	1267	2416
2082	1763	2940
3654	348	3668
202	2690	722
2314	2459	959
2933	891	5507
4996	2094	4578
549	1007	5100
1760	85	935
4127	1430	2674
1674	1003	4895
546	2247	1570
2405	2135	4683
1604	1000	63
939	2122	4426
3897	2247	2371
2072	1632	3959
3414	2191	866
2354	668	976
193	1334	1471
4001	941	2151
3334	1106	4303
3278	2699	2109
263	1559	480
5280	571	239
4899	1147	5579
1033	1097	2840
3931	34	1695
1377	2474	3268
2354	93	1403
3250	458	171
5375	2389	3759
969	93	3917
5512	1137	5127
2373	2164	1077
1585	2041	1814
2072	787	4308
4899	2222	1945
3576	119	3592
3632	2812	640
969	1793	4132
1661	1763	319
2168	1182	5435
1370	461	1822
5633	2205	2964
4899	1098	2174
1064	2470	2914
2120	952	103
3128	146	2474
5331	2086	3048
4654	2699	5257
3497	2444	4133
5444	1870	5283
1330	1774	1127
3545	2192	4576
2933	1346	3992
1674	446	5266
2237	329	4279
2697	2599	4033
1033	1659	968
4680	338	2380
2445	2532	3463
4782	2380	3838
2702	1732	5379
2113	2670	3418
867	2626	4063
5179	2013	2514
463	2218	453
3334	2379	2875
3501	2481	2444
293	682	2514
356	2485	4283
2619	2247	1084
2120	1063	589
1377	2332	1900
5174	2095	2589
814	323	4945
2168	987	1907
4899	972	3989
4541	1149	2750
4899	3	3042
4026	1217	2934
1377	1680	1288
1674	65	4943
5071	1147	4349
3177	132	3556
930	2247	4052
3053	2218	2302
4660	2247	5496
2514	1574	5110
4126	966	3726
2168	2094	2776
3128	2503	3236
5280	98	5386
5375	1722	241
2120	267	280
930	617	3669
5426	936	969
2113	2222	2938
930	890	2440
1858	472	2799
4078	2485	3283
287	1752	956
3306	503	4498
5101	364	978
402	1449	1760
2651	1037	1872
170	2500	2917
1064	503	4442
3931	366	2998
930	1851	3255
354	942	3846
1330	1000	2903
1577	2214	4786
2507	2222	3264
4032	1612	4907
3128	1194	4329
3383	2760	4538
736	1260	5474
4001	1159	5625
1033	813	4847
170	2707	1362
356	2781	2537
5300	514	4899
3972	2247	1552
1345	1429	3958
3177	1491	4471
939	1420	799
3742	1935	1229
3430	737	2082
4208	1239	3820
3931	1214	5165
4899	2722	3997
1674	2617	2959
1628	1888	1674
1330	933	1530
2224	2475	972
4032	2247	121
3746	2052	3312
4868	2727	2382
3159	1242	4295
546	889	1696
4899	2426	2944
3746	2222	1400
5444	366	4758
2773	1600	5199
91	2247	1507
2010	1777	1200
4817	112	1109
4127	293	2306
3497	1447	3348
2224	1484	5548
360	1350	1055
4743	2068	4188
773	2247	5024
1610	916	939
5408	2335	4478
2120	1601	5159
574	174	4184
2651	93	3869
3265	2558	1826
2651	93	5527
1760	1186	399
2120	1017	3116
2072	302	5536
652	2138	5387
4494	2024	3243
3413	1980	5101
3235	2247	2082
4864	485	3574
3746	496	3130
3931	2195	1086
539	96	3096
1033	1544	3165
939	2191	4022
964	763	377
1194	417	1377
2224	1860	2170
1021	2222	5464
4899	758	3337
1906	2369	1397
4794	734	1934
3706	981	5233
2933	2135	3171
2317	946	3849
1066	1573	969
4001	2218	4109
5437	2472	2147
4899	2732	4247
2120	1950	1569
2120	1462	4628
773	2678	1784
1445	1402	2823
4899	2275	5476
1642	345	3582
2505	352	1748
3746	271	3169
3177	1547	5443
4572	85	108
4352	469	4444
4001	2218	4781
1674	2072	2033
2933	2699	3370
4899	1325	5271
1265	2094	2662
509	2704	4638
1473	1438	3819
2933	1976	4226
4063	1719	3600
4868	640	4988
3177	2540	1325
2698	2679	463
1033	2306	2833
1222	2541	2120
403	2470	2639
4494	18	2834
4691	366	4062
2168	2656	1170
509	2076	769
3384	2412	682
1033	2191	2632
1330	2704	1829
2082	1655	4325
732	518	2339
1064	708	5122
925	2222	4826
3128	487	2562
4001	2699	2810
1377	1124	466
1584	415	641
939	2247	1054
3334	239	2013
1494	2414	2416
4899	1173	2545
2851	1718	3288
4001	2330	4448
5608	2202	2732
1330	1317	1374
4654	574	2059
2416	1176	4584
1642	2218	3397
1674	1264	3773
4899	1446	3695
2072	2086	2974
2655	2247	4420
3746	1550	4368
3746	2284	3865
5375	1010	2891
3563	966	258
4001	1525	3607
354	751	1485
2082	1763	5021
4576	1869	2284
4003	1874	2524
794	1781	3583
1192	1425	1936
930	2480	3804
969	695	5119
354	2218	2207
4654	2585	122
1165	25	5351
2094	820	1262
4531	470	3938
3053	1324	4507
170	1206	3548
3576	434	3364
4957	2805	3663
4945	2094	3653
3897	783	596
4868	2094	3808
4238	2094	2168
3035	2134	2221
125	2247	3342
2082	2247	644
2790	1544	91
1033	2699	5032
3334	1769	2479
3128	2367	456
3619	1000	4962
4235	93	3942
1370	2776	1459
530	1636	1146
4660	1640	1476
